---
- added: 8
  cycles: 1
  deleted: 8
  inserted: 8
  seconds: 8.40106521
  version: 0.41.0
  what: judges-summary
  when: 2025-05-07 18:18:10.316457748 Z
- _id: 1
  _time: 2025-05-07 18:18:10.302946393 Z
  _version: 0.10.0/0.41.0/
  since: 2025-04-09 18:18:10.303133846 Z
  what: quality-of-service
  when: 2025-05-07 18:18:10.303094703 Z
- _id: 2
  _time: 2025-05-07 18:18:10.308326375 Z
  _version: 0.10.0/0.41.0/
  what: dimensions-of-terrain
  when: 2025-05-07 18:18:10.308434077 Z
- _id: 3
  _time: 2025-05-07 18:18:10.311228512 Z
  _version: 0.10.0/0.41.0/
  since: 2025-04-09 18:18:10.311468003 Z
  what: quantity-of-deliverables
  when: 2025-05-07 18:18:10.311411106 Z
