---
- added: 8
  cycles: 1
  deleted: 8
  inserted: 8
  seconds: 11.419359278
  version: 0.41.0
  what: judges-summary
  when: 2025-05-18 14:10:51.247805762 Z
- _id: 1
  _time: 2025-05-18 14:10:50.894688545 Z
  _version: 0.10.0/0.41.0/
  total_repositories: 44
  what: dimensions-of-terrain
  when: 2025-05-18 14:10:40.168634213 Z
- _id: 2
  _time: 2025-05-18 14:10:50.904451589 Z
  _version: 0.10.0/0.41.0/
  since: 2025-04-20 14:10:50.904682768 Z
  what: quality-of-service
  when: 2025-05-18 14:10:50.904625231 Z
- _id: 3
  _time: 2025-05-18 14:10:50.907310092 Z
  _version: 0.10.0/0.41.0/
  since: 2025-04-20 14:10:50.907447186 Z
  what: quantity-of-deliverables
  when: 2025-05-18 14:10:50.907413534 Z
