---
- added: 8
  cycles: 1
  deleted: 8
  inserted: 8
  seconds: 10.26843293
  version: 0.41.0
  what: judges-summary
  when: 2025-05-05 10:14:30.048032776 Z
- _id: 1
  _time: 2025-05-05 10:14:29.710026059 Z
  _version: 0.10.0/0.41.0/
  what: dimensions-of-terrain
  when: 2025-05-05 10:14:29.710169416 Z
- _id: 2
  _time: 2025-05-05 10:14:30.044874978 Z
  _version: 0.10.0/0.41.0/
  since: 2025-04-07 10:14:30.045050776 Z
  what: quality-of-service
  when: 2025-05-05 10:14:30.045016553 Z
- _id: 3
  _time: 2025-05-05 10:14:30.047054633 Z
  _version: 0.10.0/0.41.0/
  since: 2025-04-07 10:14:30.047186028 Z
  what: quantity-of-deliverables
  when: 2025-05-05 10:14:30.047154649 Z
