---
- added: 8
  cycles: 1
  deleted: 8
  inserted: 8
  seconds: 18.143664758
  version: 0.41.0
  what: judges-summary
  when: 2025-05-22 13:27:06.732418561 Z
- _id: 1
  _time: 2025-05-22 13:27:06.381047566 Z
  _version: 0.10.0/0.41.0/
  since: 2025-04-24 13:27:06.381230406 Z
  what: quantity-of-deliverables
  when: 2025-05-22 13:27:06.381193808 Z
- _id: 2
  _time: 2025-05-22 13:27:06.383202980 Z
  _version: 0.10.0/0.41.0/
  what: dimensions-of-terrain
  when: 2025-05-22 13:27:06.383306342 Z
- _id: 3
  _time: 2025-05-22 13:27:06.728891265 Z
  _version: 0.10.0/0.41.0/
  since: 2025-04-24 13:27:06.729204997 Z
  what: quality-of-service
  when: 2025-05-22 13:27:06.729025324 Z
