---
- added: 8
  cycles: 1
  deleted: 8
  inserted: 8
  seconds: 0.736361027
  version: 0.41.0
  what: judges-summary
  when: 2025-05-19 23:12:08.431272286 Z
- _id: 1
  _time: 2025-05-19 23:12:08.423974608 Z
  _version: 0.10.0/0.41.0/
  since: 2025-04-21 23:12:08.424317227 Z
  what: quantity-of-deliverables
  when: 2025-05-19 23:12:08.424277894 Z
- _id: 2
  _time: 2025-05-19 23:12:08.426470442 Z
  _version: 0.10.0/0.41.0/
  since: 2025-04-21 23:12:08.426652241 Z
  what: quality-of-service
  when: 2025-05-19 23:12:08.426614400 Z
- _id: 3
  _time: 2025-05-19 23:12:08.429000239 Z
  _version: 0.10.0/0.41.0/
  what: dimensions-of-terrain
  when: 2025-05-19 23:12:08.429115184 Z
