---
- added: 8
  cycles: 1
  deleted: 8
  inserted: 8
  seconds: 18.012678465
  version: 0.41.0
  what: judges-summary
  when: 2025-05-09 21:11:33.126424480 Z
- _id: 1
  _time: 2025-05-09 21:11:32.778618211 Z
  _version: 0.10.0/0.41.0/
  total_releases: 599
  what: dimensions-of-terrain
  when: 2025-05-09 21:11:15.441036399 Z
- _id: 2
  _time: 2025-05-09 21:11:33.122154099 Z
  _version: 0.10.0/0.41.0/
  since: 2025-04-11 21:11:33.122315780 Z
  what: quantity-of-deliverables
  when: 2025-05-09 21:11:33.122281797 Z
- _id: 3
  _time: 2025-05-09 21:11:33.124730106 Z
  _version: 0.10.0/0.41.0/
  since: 2025-04-11 21:11:33.124989931 Z
  what: quality-of-service
  when: 2025-05-09 21:11:33.124956598 Z
