---
- added: 8
  cycles: 1
  deleted: 8
  error: 'Judge quantity-of-deliverables stopped by timeout after 3m0s: execution
    expired'
  inserted: 8
  seconds: 180.681441884
  version: 0.41.0
  what: judges-summary
  when: 2025-05-20 14:16:18.418393053 Z
- _id: 1
  _time: 2025-05-20 14:13:18.076199307 Z
  _version: 0.10.0/0.41.0/
  since: 2025-04-22 14:13:18.076394160 Z
  what: quantity-of-deliverables
  when: 2025-05-20 14:13:18.076353244 Z
- _id: 2
  _time: 2025-05-20 14:16:18.086776423 Z
  _version: 0.10.0/0.41.0/
  since: 2025-04-22 14:16:18.086929158 Z
  what: quality-of-service
  when: 2025-05-20 14:16:18.086896437 Z
- _id: 3
  _time: 2025-05-20 14:16:18.416374158 Z
  _version: 0.10.0/0.41.0/
  what: dimensions-of-terrain
  when: 2025-05-20 14:16:18.416504290 Z
