---
- added: 8
  cycles: 1
  deleted: 8
  inserted: 8
  seconds: 7.389759553
  version: 0.41.0
  what: judges-summary
  when: 2025-05-02 16:15:20.410820493 Z
- _id: 1
  _time: 2025-05-02 16:15:20.401355558 Z
  _version: 0.10.0/0.41.0/
  since: 2025-04-04 16:15:20.401539802 Z
  what: quantity-of-deliverables
  when: 2025-05-02 16:15:20.401502492 Z
- _id: 2
  _time: 2025-05-02 16:15:20.405957162 Z
  _version: 0.10.0/0.41.0/
  what: dimensions-of-terrain
  when: 2025-05-02 16:15:20.406061787 Z
- _id: 3
  _time: 2025-05-02 16:15:20.407390217 Z
  _version: 0.10.0/0.41.0/
  since: 2025-04-04 16:15:20.407524839 Z
  what: quality-of-service
  when: 2025-05-02 16:15:20.407492779 Z
