---
- added: 8
  cycles: 1
  deleted: 8
  inserted: 8
  seconds: 16.798779627
  version: 0.41.0
  what: judges-summary
  when: 2025-05-12 03:10:10.529530663 Z
- _id: 1
  _time: 2025-05-12 03:10:10.182283997 Z
  _version: 0.10.0/0.41.0/
  what: dimensions-of-terrain
  when: 2025-05-12 03:10:10.182433096 Z
- _id: 2
  _time: 2025-05-12 03:10:10.522602977 Z
  _version: 0.10.0/0.41.0/
  since: 2025-04-14 03:10:10.522768627 Z
  what: quality-of-service
  when: 2025-05-12 03:10:10.522731969 Z
- _id: 3
  _time: 2025-05-12 03:10:10.528653582 Z
  _version: 0.10.0/0.41.0/
  since: 2025-04-14 03:10:10.528785979 Z
  what: quantity-of-deliverables
  when: 2025-05-12 03:10:10.528754411 Z
