---
- added: 8
  cycles: 1
  deleted: 8
  error: 'Judge quality-of-service stopped by timeout after 3m0s: execution expired'
  inserted: 8
  seconds: 180.676571347
  version: 0.41.0
  what: judges-summary
  when: 2025-05-06 05:16:19.829053643 Z
- _id: 1
  _time: 2025-05-06 05:13:19.484155676 Z
  _version: 0.10.0/0.41.0/
  since: 2025-04-08 05:13:19.484333359 Z
  what: quality-of-service
  when: 2025-05-06 05:13:19.484290378 Z
- _id: 2
  _time: 2025-05-06 05:16:19.824719179 Z
  _version: 0.10.0/0.41.0/
  since: 2025-04-08 05:16:19.824883537 Z
  what: quantity-of-deliverables
  when: 2025-05-06 05:16:19.824848421 Z
- _id: 3
  _time: 2025-05-06 05:16:19.826009625 Z
  _version: 0.10.0/0.41.0/
  what: dimensions-of-terrain
  when: 2025-05-06 05:16:19.826110203 Z
