---
- added: 8
  cycles: 1
  deleted: 8
  inserted: 8
  seconds: 0.763553008
  version: 0.41.0
  what: judges-summary
  when: 2025-05-16 09:13:32.861224037 Z
- _id: 1
  _time: 2025-05-16 09:13:32.849970979 Z
  _version: 0.10.0/0.41.0/
  what: dimensions-of-terrain
  when: 2025-05-16 09:13:32.850120868 Z
- _id: 2
  _time: 2025-05-16 09:13:32.856806986 Z
  _version: 0.10.0/0.41.0/
  since: 2025-04-18 09:13:32.856955934 Z
  what: quantity-of-deliverables
  when: 2025-05-16 09:13:32.856922041 Z
- _id: 3
  _time: 2025-05-16 09:13:32.860099941 Z
  _version: 0.10.0/0.41.0/
  since: 2025-04-18 09:13:32.860317898 Z
  what: quality-of-service
  when: 2025-05-16 09:13:32.860278384 Z
