---
- added: 8
  cycles: 1
  deleted: 8
  inserted: 8
  seconds: 17.004940815
  version: 0.41.0
  what: judges-summary
  when: 2025-05-18 17:10:31.881688508 Z
- _id: 1
  _time: 2025-05-18 17:10:31.548395534 Z
  _version: 0.10.0/0.41.0/
  what: dimensions-of-terrain
  when: 2025-05-18 17:10:31.548656735 Z
- _id: 2
  _time: 2025-05-18 17:10:31.879170785 Z
  _version: 0.10.0/0.41.0/
  since: 2025-04-20 17:10:31.879336968 Z
  what: quality-of-service
  when: 2025-05-18 17:10:31.879300649 Z
- _id: 3
  _time: 2025-05-18 17:10:31.880694950 Z
  _version: 0.10.0/0.41.0/
  since: 2025-04-20 17:10:31.880832288 Z
  what: quantity-of-deliverables
  when: 2025-05-18 17:10:31.880798836 Z
