---
- added: 8
  cycles: 1
  deleted: 8
  inserted: 8
  seconds: 12.471129611
  version: 0.41.0
  what: judges-summary
  when: 2025-05-03 00:57:23.965316846 Z
- _id: 1
  _time: 2025-05-03 00:57:23.599480134 Z
  _version: 0.10.0/0.41.0/
  since: 2025-04-05 00:57:11.821758927 Z
  total_releases_published: 8
  what: quantity-of-deliverables
  when: 2025-05-03 00:57:11.821714854 Z
- _id: 2
  _time: 2025-05-03 00:57:23.962029744 Z
  _version: 0.10.0/0.41.0/
  since: 2025-04-05 00:57:23.962186926 Z
  what: quality-of-service
  when: 2025-05-03 00:57:23.962152302 Z
- _id: 3
  _time: 2025-05-03 00:57:23.964378732 Z
  _version: 0.10.0/0.41.0/
  what: dimensions-of-terrain
  when: 2025-05-03 00:57:23.964480471 Z
