---
- added: 8
  cycles: 1
  deleted: 8
  inserted: 8
  seconds: 88.402497774
  version: 0.41.0
  what: judges-summary
  when: 2025-05-21 05:15:08.925977871 Z
- _id: 1
  _time: 2025-05-21 05:15:08.576305528 Z
  _version: 0.10.0/0.41.0/
  average_triage_time: 0
  since: 2025-04-23 05:13:40.850430643 Z
  what: quality-of-service
  when: 2025-05-21 05:13:40.850389577 Z
- _id: 2
  _time: 2025-05-21 05:15:08.578424219 Z
  _version: 0.10.0/0.41.0/
  what: dimensions-of-terrain
  when: 2025-05-21 05:15:08.578526891 Z
- _id: 3
  _time: 2025-05-21 05:15:08.580198489 Z
  _version: 0.10.0/0.41.0/
  since: 2025-04-23 05:15:08.580480404 Z
  what: quantity-of-deliverables
  when: 2025-05-21 05:15:08.580408851 Z
