---
- added: 8
  cycles: 1
  deleted: 8
  inserted: 8
  seconds: 19.003961367
  version: 0.41.0
  what: judges-summary
  when: 2025-05-22 05:14:15.060927829 Z
- _id: 1
  _time: 2025-05-22 05:14:14.712179841 Z
  _version: 0.10.0/0.41.0/
  since: 2025-04-24 05:13:56.404675790 Z
  total_releases_published: 6
  what: quantity-of-deliverables
  when: 2025-05-22 05:13:56.404635134 Z
- _id: 2
  _time: 2025-05-22 05:14:15.054386603 Z
  _version: 0.10.0/0.41.0/
  what: dimensions-of-terrain
  when: 2025-05-22 05:14:15.054512948 Z
- _id: 3
  _time: 2025-05-22 05:14:15.055881275 Z
  _version: 0.10.0/0.41.0/
  since: 2025-04-24 05:14:15.056023450 Z
  what: quality-of-service
  when: 2025-05-22 05:14:15.055988735 Z
