---
- added: 8
  cycles: 1
  deleted: 8
  inserted: 8
  seconds: 9.531504981
  version: 0.41.0
  what: judges-summary
  when: 2025-05-17 20:12:59.360709771 Z
- _id: 1
  _time: 2025-05-17 20:12:59.350734627 Z
  _version: 0.10.0/0.41.0/
  since: 2025-04-19 20:12:59.350919662 Z
  what: quantity-of-deliverables
  when: 2025-05-17 20:12:59.350882443 Z
- _id: 2
  _time: 2025-05-17 20:12:59.352165571 Z
  _version: 0.10.0/0.41.0/
  since: 2025-04-19 20:12:59.352303729 Z
  what: quality-of-service
  when: 2025-05-17 20:12:59.352269655 Z
- _id: 3
  _time: 2025-05-17 20:12:59.357229928 Z
  _version: 0.10.0/0.41.0/
  what: dimensions-of-terrain
  when: 2025-05-17 20:12:59.357337018 Z
