---
- added: 8
  cycles: 1
  deleted: 8
  inserted: 8
  seconds: 9.475358005
  version: 0.41.0
  what: judges-summary
  when: 2025-05-10 17:10:08.802979567 Z
- _id: 1
  _time: 2025-05-10 17:10:08.464864610 Z
  _version: 0.10.0/0.41.0/
  since: 2025-04-12 17:10:08.465039357 Z
  what: quantity-of-deliverables
  when: 2025-05-10 17:10:08.465003640 Z
- _id: 2
  _time: 2025-05-10 17:10:08.466287827 Z
  _version: 0.10.0/0.41.0/
  since: 2025-04-12 17:10:08.466424643 Z
  what: quality-of-service
  when: 2025-05-10 17:10:08.466391521 Z
- _id: 3
  _time: 2025-05-10 17:10:08.796358102 Z
  _version: 0.10.0/0.41.0/
  what: dimensions-of-terrain
  when: 2025-05-10 17:10:08.796575348 Z
