---
- added: 8
  cycles: 1
  deleted: 8
  inserted: 8
  seconds: 9.797470037
  version: 0.41.0
  what: judges-summary
  when: 2025-05-11 23:11:29.915069533 Z
- _id: 1
  _time: 2025-05-11 23:11:29.902851768 Z
  _version: 0.10.0/0.41.0/
  since: 2025-04-13 23:11:29.903070103 Z
  what: quality-of-service
  when: 2025-05-11 23:11:29.903029868 Z
- _id: 2
  _time: 2025-05-11 23:11:29.904645260 Z
  _version: 0.10.0/0.41.0/
  since: 2025-04-13 23:11:29.904783307 Z
  what: quantity-of-deliverables
  when: 2025-05-11 23:11:29.904750095 Z
- _id: 3
  _time: 2025-05-11 23:11:29.914092992 Z
  _version: 0.10.0/0.41.0/
  what: dimensions-of-terrain
  when: 2025-05-11 23:11:29.914200211 Z
