---
- added: 8
  cycles: 1
  deleted: 8
  error: 'Judge quantity-of-deliverables stopped by timeout after 3m0s: execution
    expired'
  inserted: 8
  seconds: 180.693864383
  version: 0.41.0
  what: judges-summary
  when: 2025-05-04 06:19:54.878310624 Z
- _id: 1
  _time: 2025-05-04 06:16:54.511861101 Z
  _version: 0.10.0/0.41.0/
  since: 2025-04-06 06:16:54.512045257 Z
  what: quantity-of-deliverables
  when: 2025-05-04 06:16:54.512002177 Z
- _id: 2
  _time: 2025-05-04 06:19:54.512065124 Z
  _version: 0.10.0/0.41.0/
  since: 2025-04-06 06:19:54.512228670 Z
  what: quality-of-service
  when: 2025-05-04 06:19:54.512192933 Z
- _id: 3
  _time: 2025-05-04 06:19:54.875199170 Z
  _version: 0.10.0/0.41.0/
  what: dimensions-of-terrain
  when: 2025-05-04 06:19:54.875338050 Z
