---
- added: 8
  cycles: 1
  deleted: 8
  inserted: 8
  seconds: 17.743703437
  version: 0.41.0
  what: judges-summary
  when: 2025-05-12 21:12:10.486968216 Z
- _id: 1
  _time: 2025-05-12 21:12:10.141532295 Z
  _version: 0.10.0/0.41.0/
  average_release_interval: 290768.0
  since: 2025-04-14 21:11:53.067379616 Z
  what: quality-of-service
  when: 2025-05-12 21:11:53.067341154 Z
- _id: 2
  _time: 2025-05-12 21:12:10.147699997 Z
  _version: 0.10.0/0.41.0/
  what: dimensions-of-terrain
  when: 2025-05-12 21:12:10.147800704 Z
- _id: 3
  _time: 2025-05-12 21:12:10.485905483 Z
  _version: 0.10.0/0.41.0/
  since: 2025-04-14 21:12:10.486102168 Z
  what: quantity-of-deliverables
  when: 2025-05-12 21:12:10.486066862 Z
