---
- added: 8
  cycles: 1
  deleted: 8
  inserted: 8
  seconds: 9.967273841
  version: 0.41.0
  what: judges-summary
  when: 2025-05-13 13:27:52.143806835 Z
- _id: 1
  _time: 2025-05-13 13:27:52.131449980 Z
  _version: 0.10.0/0.41.0/
  what: dimensions-of-terrain
  when: 2025-05-13 13:27:52.131601793 Z
- _id: 2
  _time: 2025-05-13 13:27:52.133838542 Z
  _version: 0.10.0/0.41.0/
  since: 2025-04-15 13:27:52.134015082 Z
  what: quality-of-service
  when: 2025-05-13 13:27:52.133947876 Z
- _id: 3
  _time: 2025-05-13 13:27:52.141832837 Z
  _version: 0.10.0/0.41.0/
  since: 2025-04-15 13:27:52.142006522 Z
  what: quantity-of-deliverables
  when: 2025-05-13 13:27:52.141938194 Z
