---
- added: 8
  cycles: 1
  deleted: 8
  inserted: 8
  seconds: 16.947610462
  version: 0.41.0
  what: judges-summary
  when: 2025-05-16 03:39:32.258635684 Z
- _id: 1
  _time: 2025-05-16 03:39:32.252620991 Z
  _version: 0.10.0/0.41.0/
  since: 2025-04-18 03:39:32.252964075 Z
  what: quality-of-service
  when: 2025-05-16 03:39:32.252925373 Z
- _id: 2
  _time: 2025-05-16 03:39:32.254319949 Z
  _version: 0.10.0/0.41.0/
  since: 2025-04-18 03:39:32.254454472 Z
  what: quantity-of-deliverables
  when: 2025-05-16 03:39:32.254422031 Z
- _id: 3
  _time: 2025-05-16 03:39:32.256341858 Z
  _version: 0.10.0/0.41.0/
  what: dimensions-of-terrain
  when: 2025-05-16 03:39:32.256442838 Z
