---
- added: 8
  cycles: 1
  deleted: 8
  inserted: 8
  seconds: 7.424322716
  version: 0.41.0
  what: judges-summary
  when: 2025-05-01 20:13:04.324255595 Z
- _id: 1
  _time: 2025-05-01 20:13:03.995098161 Z
  _version: 0.10.0/0.41.0/
  since: 2025-04-03 20:13:03.995277207 Z
  what: quality-of-service
  when: 2025-05-01 20:13:03.995239326 Z
- _id: 2
  _time: 2025-05-01 20:13:04.319565561 Z
  _version: 0.10.0/0.41.0/
  since: 2025-04-03 20:13:04.319734698 Z
  what: quantity-of-deliverables
  when: 2025-05-01 20:13:04.319700444 Z
- _id: 3
  _time: 2025-05-01 20:13:04.322349371 Z
  _version: 0.10.0/0.41.0/
  what: dimensions-of-terrain
  when: 2025-05-01 20:13:04.322452535 Z
