---
- added: 8
  cycles: 1
  deleted: 8
  inserted: 8
  seconds: 17.728887877
  version: 0.41.0
  what: judges-summary
  when: 2025-05-14 16:15:49.795352424 Z
- _id: 1
  _time: 2025-05-14 16:15:49.453886693 Z
  _version: 0.10.0/0.41.0/
  since: 2025-04-16 16:15:49.454066249 Z
  what: quantity-of-deliverables
  when: 2025-05-14 16:15:49.454028719 Z
- _id: 2
  _time: 2025-05-14 16:15:49.455572651 Z
  _version: 0.10.0/0.41.0/
  what: dimensions-of-terrain
  when: 2025-05-14 16:15:49.455786912 Z
- _id: 3
  _time: 2025-05-14 16:15:49.794288694 Z
  _version: 0.10.0/0.41.0/
  since: 2025-04-16 16:15:49.794469251 Z
  what: quality-of-service
  when: 2025-05-14 16:15:49.794410752 Z
