---
- added: 8
  cycles: 1
  deleted: 8
  inserted: 8
  seconds: 9.950919963
  version: 0.41.0
  what: judges-summary
  when: 2025-05-06 23:11:55.462343418 Z
- _id: 1
  _time: 2025-05-06 23:11:55.448722147 Z
  _version: 0.10.0/0.41.0/
  what: dimensions-of-terrain
  when: 2025-05-06 23:11:55.448871825 Z
- _id: 2
  _time: 2025-05-06 23:11:55.454565773 Z
  _version: 0.10.0/0.41.0/
  since: 2025-04-08 23:11:55.454708909 Z
  what: quantity-of-deliverables
  when: 2025-05-06 23:11:55.454674094 Z
- _id: 3
  _time: 2025-05-06 23:11:55.461342834 Z
  _version: 0.10.0/0.41.0/
  since: 2025-04-08 23:11:55.461480921 Z
  what: quality-of-service
  when: 2025-05-06 23:11:55.461448320 Z
