---
- added: 8
  cycles: 1
  deleted: 8
  inserted: 8
  seconds: 9.355071801
  version: 0.41.0
  what: judges-summary
  when: 2025-05-09 05:13:16.813157504 Z
- _id: 1
  _time: 2025-05-09 05:13:16.808101023 Z
  _version: 0.10.0/0.41.0/
  what: dimensions-of-terrain
  when: 2025-05-09 05:13:16.808252546 Z
- _id: 2
  _time: 2025-05-09 05:13:16.810675934 Z
  _version: 0.10.0/0.41.0/
  since: 2025-04-11 05:13:16.810830923 Z
  what: quantity-of-deliverables
  when: 2025-05-09 05:13:16.810796579 Z
- _id: 3
  _time: 2025-05-09 05:13:16.812129065 Z
  _version: 0.10.0/0.41.0/
  since: 2025-04-11 05:13:16.812274657 Z
  what: quality-of-service
  when: 2025-05-09 05:13:16.812240493 Z
