---
- added: 8
  cycles: 1
  deleted: 8
  inserted: 8
  seconds: 7.267225828
  version: 0.41.0
  what: judges-summary
  when: 2025-05-10 13:20:13.172066204 Z
- _id: 1
  _time: 2025-05-10 13:20:13.167262304 Z
  _version: 0.10.0/0.41.0/
  since: 2025-04-12 13:20:13.167442792 Z
  what: quality-of-service
  when: 2025-05-10 13:20:13.167405752 Z
- _id: 2
  _time: 2025-05-10 13:20:13.168817550 Z
  _version: 0.10.0/0.41.0/
  what: dimensions-of-terrain
  when: 2025-05-10 13:20:13.168924440 Z
- _id: 3
  _time: 2025-05-10 13:20:13.170960608 Z
  _version: 0.10.0/0.41.0/
  since: 2025-04-12 13:20:13.171094017 Z
  what: quantity-of-deliverables
  when: 2025-05-10 13:20:13.171061016 Z
