---
- added: 8
  cycles: 1
  deleted: 8
  inserted: 8
  seconds: 7.550570836
  version: 0.41.0
  what: judges-summary
  when: 2025-05-02 06:18:04.465985273 Z
- _id: 1
  _time: 2025-05-02 06:18:04.459448715 Z
  _version: 0.10.0/0.41.0/
  what: dimensions-of-terrain
  when: 2025-05-02 06:18:04.459662597 Z
- _id: 2
  _time: 2025-05-02 06:18:04.463225961 Z
  _version: 0.10.0/0.41.0/
  since: 2025-04-04 06:18:04.463375482 Z
  what: quantity-of-deliverables
  when: 2025-05-02 06:18:04.463340617 Z
- _id: 3
  _time: 2025-05-02 06:18:04.464802330 Z
  _version: 0.10.0/0.41.0/
  since: 2025-04-04 06:18:04.464943175 Z
  what: quality-of-service
  when: 2025-05-02 06:18:04.464910373 Z
