---
- added: 8
  cycles: 1
  deleted: 8
  error: 'Judge quantity-of-deliverables stopped by timeout after 3m0s: execution
    expired'
  inserted: 8
  seconds: 180.353998168
  version: 0.41.0
  what: judges-summary
  when: 2025-05-19 16:18:35.343362310 Z
- _id: 1
  _time: 2025-05-19 16:15:35.318404487 Z
  _version: 0.10.0/0.41.0/
  since: 2025-04-21 16:15:35.318672584 Z
  what: quantity-of-deliverables
  when: 2025-05-19 16:15:35.318628422 Z
- _id: 2
  _time: 2025-05-19 16:18:34.993170311 Z
  _version: 0.10.0/0.41.0/
  since: 2025-04-21 16:18:34.993328615 Z
  what: quality-of-service
  when: 2025-05-19 16:18:34.993295594 Z
- _id: 3
  _time: 2025-05-19 16:18:35.341084329 Z
  _version: 0.10.0/0.41.0/
  what: dimensions-of-terrain
  when: 2025-05-19 16:18:35.341208399 Z
