---
- added: 8
  cycles: 1
  deleted: 8
  error: 'Judge quantity-of-deliverables stopped by timeout after 3m0s: execution
    expired'
  inserted: 8
  seconds: 180.702982776
  version: 0.41.0
  what: judges-summary
  when: 2025-05-06 09:16:44.539898089 Z
- _id: 1
  _time: 2025-05-06 09:13:44.170936720 Z
  _version: 0.10.0/0.41.0/
  since: 2025-04-08 09:13:44.171109902 Z
  what: quantity-of-deliverables
  when: 2025-05-06 09:13:44.171072503 Z
- _id: 2
  _time: 2025-05-06 09:16:44.172897788 Z
  _version: 0.10.0/0.41.0/
  what: dimensions-of-terrain
  when: 2025-05-06 09:16:44.173019134 Z
- _id: 3
  _time: 2025-05-06 09:16:44.174684480 Z
  _version: 0.10.0/0.41.0/
  since: 2025-04-08 09:16:44.174816055 Z
  what: quality-of-service
  when: 2025-05-06 09:16:44.174785108 Z
