---
- added: 8
  cycles: 1
  deleted: 8
  error: 'Judge dimensions-of-terrain stopped by timeout after 3m0s: execution expired'
  inserted: 8
  seconds: 180.360940038
  version: 0.41.0
  what: judges-summary
  when: 2025-05-09 04:19:32.516827285 Z
- _id: 1
  _time: 2025-05-09 04:16:32.488530717 Z
  _version: 0.10.0/0.41.0/
  what: dimensions-of-terrain
  when: 2025-05-09 04:16:32.488675509 Z
- _id: 2
  _time: 2025-05-09 04:19:32.170511793 Z
  _version: 0.10.0/0.41.0/
  since: 2025-04-11 04:19:32.170667445 Z
  what: quality-of-service
  when: 2025-05-09 04:19:32.170632850 Z
- _id: 3
  _time: 2025-05-09 04:19:32.171881282 Z
  _version: 0.10.0/0.41.0/
  since: 2025-04-11 04:19:32.172011867 Z
  what: quantity-of-deliverables
  when: 2025-05-09 04:19:32.171980388 Z
