---
- added: 8
  cycles: 1
  deleted: 8
  error: 'Judge quantity-of-deliverables stopped by timeout after 3m0s: execution
    expired'
  inserted: 8
  seconds: 180.339379829
  version: 0.41.0
  what: judges-summary
  when: 2025-05-06 11:13:56.886187441 Z
- _id: 1
  _time: 2025-05-06 11:10:56.886911019 Z
  _version: 0.10.0/0.41.0/
  since: 2025-04-08 11:10:56.887164384 Z
  what: quantity-of-deliverables
  when: 2025-05-06 11:10:56.887124900 Z
- _id: 2
  _time: 2025-05-06 11:13:56.874305879 Z
  _version: 0.10.0/0.41.0/
  since: 2025-04-08 11:13:56.874486848 Z
  what: quality-of-service
  when: 2025-05-06 11:13:56.874450089 Z
- _id: 3
  _time: 2025-05-06 11:13:56.876315735 Z
  _version: 0.10.0/0.41.0/
  what: dimensions-of-terrain
  when: 2025-05-06 11:13:56.876429398 Z
