---
- added: 8
  cycles: 1
  deleted: 8
  inserted: 8
  seconds: 23.542802358
  version: 0.41.0
  what: judges-summary
  when: 2025-05-22 10:14:28.512346095 Z
- _id: 1
  _time: 2025-05-22 10:14:28.502872006 Z
  _version: 0.10.0/0.41.0/
  since: 2025-04-24 10:14:28.503056028 Z
  what: quantity-of-deliverables
  when: 2025-05-22 10:14:28.503019360 Z
- _id: 2
  _time: 2025-05-22 10:14:28.507556022 Z
  _version: 0.10.0/0.41.0/
  what: dimensions-of-terrain
  when: 2025-05-22 10:14:28.507671396 Z
- _id: 3
  _time: 2025-05-22 10:14:28.509686171 Z
  _version: 0.10.0/0.41.0/
  since: 2025-04-24 10:14:28.509827484 Z
  what: quality-of-service
  when: 2025-05-22 10:14:28.509792769 Z
