---
- added: 8
  cycles: 1
  deleted: 8
  inserted: 8
  seconds: 8.300162872
  version: 0.41.0
  what: judges-summary
  when: 2025-05-14 12:24:04.202187546 Z
- _id: 1
  _time: 2025-05-14 12:24:04.189522564 Z
  _version: 0.10.0/0.41.0/
  since: 2025-04-16 12:24:04.189706898 Z
  what: quantity-of-deliverables
  when: 2025-05-14 12:24:04.189669337 Z
- _id: 2
  _time: 2025-05-14 12:24:04.191268790 Z
  _version: 0.10.0/0.41.0/
  what: dimensions-of-terrain
  when: 2025-05-14 12:24:04.191705043 Z
- _id: 3
  _time: 2025-05-14 12:24:04.198475512 Z
  _version: 0.10.0/0.41.0/
  since: 2025-04-16 12:24:04.200460493 Z
  what: quality-of-service
  when: 2025-05-14 12:24:04.200418274 Z
