---
- added: 8
  cycles: 1
  deleted: 8
  inserted: 8
  seconds: 17.6902125
  version: 0.41.0
  what: judges-summary
  when: 2025-05-02 09:13:38.953922456 Z
- _id: 1
  _time: 2025-05-02 09:13:38.942658853 Z
  _version: 0.10.0/0.41.0/
  what: dimensions-of-terrain
  when: 2025-05-02 09:13:38.942808282 Z
- _id: 2
  _time: 2025-05-02 09:13:38.945060593 Z
  _version: 0.10.0/0.41.0/
  since: 2025-04-04 09:13:38.945568791 Z
  what: quantity-of-deliverables
  when: 2025-05-02 09:13:38.945530049 Z
- _id: 3
  _time: 2025-05-02 09:13:38.952883586 Z
  _version: 0.10.0/0.41.0/
  since: 2025-04-04 09:13:38.953019079 Z
  what: quality-of-service
  when: 2025-05-02 09:13:38.952985917 Z
