---
- added: 8
  cycles: 1
  deleted: 8
  inserted: 8
  seconds: 18.01008342
  version: 0.41.0
  what: judges-summary
  when: 2025-05-05 05:14:15.230167542 Z
- _id: 1
  _time: 2025-05-05 05:14:15.216591883 Z
  _version: 0.10.0/0.41.0/
  since: 2025-04-07 05:14:15.216777871 Z
  what: quality-of-service
  when: 2025-05-05 05:14:15.216739560 Z
- _id: 2
  _time: 2025-05-05 05:14:15.218359680 Z
  _version: 0.10.0/0.41.0/
  what: dimensions-of-terrain
  when: 2025-05-05 05:14:15.218461201 Z
- _id: 3
  _time: 2025-05-05 05:14:15.228294998 Z
  _version: 0.10.0/0.41.0/
  since: 2025-04-07 05:14:15.228431454 Z
  what: quantity-of-deliverables
  when: 2025-05-05 05:14:15.228398983 Z
