---
- added: 8
  cycles: 1
  deleted: 8
  inserted: 8
  seconds: 0.754085681
  version: 0.41.0
  what: judges-summary
  when: 2025-05-03 03:32:05.690049985 Z
- _id: 1
  _time: 2025-05-03 03:32:05.267782267 Z
  _version: 0.10.0/0.41.0/
  since: 2025-04-05 03:32:05.268031353 Z
  what: quantity-of-deliverables
  when: 2025-05-03 03:32:05.267992099 Z
- _id: 2
  _time: 2025-05-03 03:32:05.681056634 Z
  _version: 0.10.0/0.41.0/
  what: dimensions-of-terrain
  when: 2025-05-03 03:32:05.681184704 Z
- _id: 3
  _time: 2025-05-03 03:32:05.689008920 Z
  _version: 0.10.0/0.41.0/
  since: 2025-04-05 03:32:05.689148631 Z
  what: quality-of-service
  when: 2025-05-03 03:32:05.689115379 Z
