---
- added: 8
  cycles: 1
  deleted: 8
  inserted: 8
  seconds: 10.510184816
  version: 0.41.0
  what: judges-summary
  when: 2025-05-15 14:13:35.293951610 Z
- _id: 1
  _time: 2025-05-15 14:13:34.935211688 Z
  _version: 0.10.0/0.41.0/
  since: 2025-04-17 14:13:34.935418253 Z
  what: quantity-of-deliverables
  when: 2025-05-15 14:13:34.935380552 Z
- _id: 2
  _time: 2025-05-15 14:13:34.937682365 Z
  _version: 0.10.0/0.41.0/
  since: 2025-04-17 14:13:34.937815774 Z
  what: quality-of-service
  when: 2025-05-15 14:13:34.937783724 Z
- _id: 3
  _time: 2025-05-15 14:13:35.291860110 Z
  _version: 0.10.0/0.41.0/
  what: dimensions-of-terrain
  when: 2025-05-15 14:13:35.292005761 Z
