---
- added: 8
  cycles: 1
  deleted: 8
  inserted: 8
  seconds: 6.479676556
  version: 0.41.0
  what: judges-summary
  when: 2025-05-24 02:28:13.176432608 Z
- _id: 1
  _time: 2025-05-24 02:28:13.169288571 Z
  _version: 0.10.0/0.41.0/
  what: dimensions-of-terrain
  when: 2025-05-24 02:28:13.169602946 Z
- _id: 2
  _time: 2025-05-24 02:28:13.172957902 Z
  _version: 0.10.0/0.41.0/
  since: 2025-04-26 02:28:13.173103694 Z
  what: quantity-of-deliverables
  when: 2025-05-24 02:28:13.173069660 Z
- _id: 3
  _time: 2025-05-24 02:28:13.175373149 Z
  _version: 0.10.0/0.41.0/
  since: 2025-04-26 02:28:13.175548525 Z
  what: quality-of-service
  when: 2025-05-24 02:28:13.175508351 Z
