---
- added: 8
  cycles: 1
  deleted: 8
  inserted: 8
  seconds: 6.857115142
  version: 0.41.0
  what: judges-summary
  when: 2025-05-17 18:15:44.230163884 Z
- _id: 1
  _time: 2025-05-17 18:15:43.890397680 Z
  _version: 0.10.0/0.41.0/
  since: 2025-04-19 18:15:43.890611280 Z
  what: quantity-of-deliverables
  when: 2025-05-17 18:15:43.890571465 Z
- _id: 2
  _time: 2025-05-17 18:15:44.227872709 Z
  _version: 0.10.0/0.41.0/
  since: 2025-04-19 18:15:44.228039431 Z
  what: quality-of-service
  when: 2025-05-17 18:15:44.228003133 Z
- _id: 3
  _time: 2025-05-17 18:15:44.229224154 Z
  _version: 0.10.0/0.41.0/
  what: dimensions-of-terrain
  when: 2025-05-17 18:15:44.229327447 Z
