---
- added: 8
  cycles: 1
  deleted: 8
  inserted: 8
  seconds: 0.746569394
  version: 0.41.0
  what: judges-summary
  when: 2025-05-16 11:10:57.486782191 Z
- _id: 1
  _time: 2025-05-16 11:10:57.478838778 Z
  _version: 0.10.0/0.41.0/
  since: 2025-04-18 11:10:57.479057636 Z
  what: quality-of-service
  when: 2025-05-16 11:10:57.479013544 Z
- _id: 2
  _time: 2025-05-16 11:10:57.480620224 Z
  _version: 0.10.0/0.41.0/
  what: dimensions-of-terrain
  when: 2025-05-16 11:10:57.480823123 Z
- _id: 3
  _time: 2025-05-16 11:10:57.485062069 Z
  _version: 0.10.0/0.41.0/
  since: 2025-04-18 11:10:57.485201689 Z
  what: quantity-of-deliverables
  when: 2025-05-16 11:10:57.485167405 Z
