---
- added: 8
  cycles: 1
  deleted: 8
  inserted: 8
  seconds: 8.241393367
  version: 0.41.0
  what: judges-summary
  when: 2025-05-18 10:12:21.533745405 Z
- _id: 1
  _time: 2025-05-18 10:12:21.198240797 Z
  _version: 0.10.0/0.41.0/
  since: 2025-04-20 10:12:21.198427926 Z
  what: quantity-of-deliverables
  when: 2025-05-18 10:12:21.198388693 Z
- _id: 2
  _time: 2025-05-18 10:12:21.531487970 Z
  _version: 0.10.0/0.41.0/
  since: 2025-04-20 10:12:21.531683465 Z
  what: quality-of-service
  when: 2025-05-18 10:12:21.531647798 Z
- _id: 3
  _time: 2025-05-18 10:12:21.532785262 Z
  _version: 0.10.0/0.41.0/
  what: dimensions-of-terrain
  when: 2025-05-18 10:12:21.532884338 Z
