---
- added: 8
  cycles: 1
  deleted: 8
  inserted: 8
  seconds: 17.848810629
  version: 0.41.0
  what: judges-summary
  when: 2025-05-16 10:14:03.161036052 Z
- _id: 1
  _time: 2025-05-16 10:14:02.816964515 Z
  _version: 0.10.0/0.41.0/
  total_forks: 323
  total_stars: 1589
  what: dimensions-of-terrain
  when: 2025-05-16 10:13:45.635336198 Z
- _id: 2
  _time: 2025-05-16 10:14:02.826008864 Z
  _version: 0.10.0/0.41.0/
  since: 2025-04-18 10:14:02.826151193 Z
  what: quantity-of-deliverables
  when: 2025-05-16 10:14:02.826116457 Z
- _id: 3
  _time: 2025-05-16 10:14:02.827520472 Z
  _version: 0.10.0/0.41.0/
  since: 2025-04-18 10:14:02.827662450 Z
  what: quality-of-service
  when: 2025-05-16 10:14:02.827628085 Z
