---
- added: 8
  cycles: 1
  deleted: 8
  inserted: 8
  seconds: 9.726918495
  version: 0.41.0
  what: judges-summary
  when: 2025-05-17 16:14:05.836877156 Z
- _id: 1
  _time: 2025-05-17 16:14:05.827509027 Z
  _version: 0.10.0/0.41.0/
  what: dimensions-of-terrain
  when: 2025-05-17 16:14:05.827664630 Z
- _id: 2
  _time: 2025-05-17 16:14:05.831591380 Z
  _version: 0.10.0/0.41.0/
  since: 2025-04-19 16:14:05.831735852 Z
  what: quantity-of-deliverables
  when: 2025-05-17 16:14:05.831701407 Z
- _id: 3
  _time: 2025-05-17 16:14:05.834874191 Z
  _version: 0.10.0/0.41.0/
  since: 2025-04-19 16:14:05.835025014 Z
  what: quality-of-service
  when: 2025-05-17 16:14:05.834991792 Z
