---
- added: 8
  cycles: 1
  deleted: 8
  inserted: 8
  seconds: 9.782906173
  version: 0.41.0
  what: judges-summary
  when: 2025-05-17 09:12:23.114872680 Z
- _id: 1
  _time: 2025-05-17 09:12:22.757996128 Z
  _version: 0.10.0/0.41.0/
  since: 2025-04-19 09:12:22.758181161 Z
  what: quality-of-service
  when: 2025-05-17 09:12:22.758143952 Z
- _id: 2
  _time: 2025-05-17 09:12:22.759814794 Z
  _version: 0.10.0/0.41.0/
  what: dimensions-of-terrain
  when: 2025-05-17 09:12:22.759916032 Z
- _id: 3
  _time: 2025-05-17 09:12:22.763360786 Z
  _version: 0.10.0/0.41.0/
  since: 2025-04-19 09:12:22.763499133 Z
  what: quantity-of-deliverables
  when: 2025-05-17 09:12:22.763466663 Z
