---
- added: 8
  cycles: 1
  deleted: 8
  inserted: 8
  seconds: 17.332770701
  version: 0.41.0
  what: judges-summary
  when: 2025-05-20 23:12:17.125045977 Z
- _id: 1
  _time: 2025-05-20 23:12:17.115809210 Z
  _version: 0.10.0/0.41.0/
  since: 2025-04-22 23:12:17.115991369 Z
  what: quality-of-service
  when: 2025-05-20 23:12:17.115953118 Z
- _id: 2
  _time: 2025-05-20 23:12:17.117433920 Z
  _version: 0.10.0/0.41.0/
  what: dimensions-of-terrain
  when: 2025-05-20 23:12:17.117645484 Z
- _id: 3
  _time: 2025-05-20 23:12:17.122129347 Z
  _version: 0.10.0/0.41.0/
  since: 2025-04-22 23:12:17.122264508 Z
  what: quantity-of-deliverables
  when: 2025-05-20 23:12:17.122231948 Z
