---
- added: 8
  cycles: 1
  deleted: 8
  inserted: 8
  seconds: 7.327910395
  version: 0.41.0
  what: judges-summary
  when: 2025-05-13 09:14:10.624680884 Z
- _id: 1
  _time: 2025-05-13 09:14:10.290290291 Z
  _version: 0.10.0/0.41.0/
  since: 2025-04-15 09:14:10.290467732 Z
  what: quality-of-service
  when: 2025-05-13 09:14:10.290431354 Z
- _id: 2
  _time: 2025-05-13 09:14:10.616511784 Z
  _version: 0.10.0/0.41.0/
  what: dimensions-of-terrain
  when: 2025-05-13 09:14:10.616630966 Z
- _id: 3
  _time: 2025-05-13 09:14:10.623699327 Z
  _version: 0.10.0/0.41.0/
  since: 2025-04-15 09:14:10.623832425 Z
  what: quantity-of-deliverables
  when: 2025-05-13 09:14:10.623799333 Z
