---
- added: 8
  cycles: 1
  deleted: 8
  inserted: 8
  seconds: 10.220169262
  version: 0.41.0
  what: judges-summary
  when: 2025-05-13 15:13:19.375232874 Z
- _id: 1
  _time: 2025-05-13 15:13:19.041701892 Z
  _version: 0.10.0/0.41.0/
  what: dimensions-of-terrain
  when: 2025-05-13 15:13:19.041842945 Z
- _id: 2
  _time: 2025-05-13 15:13:19.044001815 Z
  _version: 0.10.0/0.41.0/
  since: 2025-04-15 15:13:19.044134864 Z
  what: quantity-of-deliverables
  when: 2025-05-13 15:13:19.044102343 Z
- _id: 3
  _time: 2025-05-13 15:13:19.373964206 Z
  _version: 0.10.0/0.41.0/
  since: 2025-04-15 15:13:19.374130056 Z
  what: quality-of-service
  when: 2025-05-13 15:13:19.374096864 Z
