---
- added: 8
  cycles: 1
  deleted: 8
  inserted: 8
  seconds: 16.931557682
  version: 0.41.0
  what: judges-summary
  when: 2025-05-22 03:38:57.383243447 Z
- _id: 1
  _time: 2025-05-22 03:38:57.042056158 Z
  _version: 0.10.0/0.41.0/
  what: dimensions-of-terrain
  when: 2025-05-22 03:38:57.042246333 Z
- _id: 2
  _time: 2025-05-22 03:38:57.379273932 Z
  _version: 0.10.0/0.41.0/
  since: 2025-04-24 03:38:57.379443188 Z
  what: quantity-of-deliverables
  when: 2025-05-22 03:38:57.379407021 Z
- _id: 3
  _time: 2025-05-22 03:38:57.382218312 Z
  _version: 0.10.0/0.41.0/
  since: 2025-04-24 03:38:57.382361319 Z
  what: quality-of-service
  when: 2025-05-22 03:38:57.382328057 Z
