---
- added: 8
  cycles: 1
  deleted: 8
  inserted: 8
  seconds: 11.656960172
  version: 0.41.0
  what: judges-summary
  when: 2025-05-23 13:24:44.856835420 Z
- _id: 1
  _time: 2025-05-23 13:24:44.503619514 Z
  _version: 0.10.0/0.41.0/
  what: dimensions-of-terrain
  when: 2025-05-23 13:24:44.503767091 Z
- _id: 2
  _time: 2025-05-23 13:24:44.853281416 Z
  _version: 0.10.0/0.41.0/
  since: 2025-04-25 13:24:44.853449471 Z
  what: quantity-of-deliverables
  when: 2025-05-23 13:24:44.853412833 Z
- _id: 3
  _time: 2025-05-23 13:24:44.854771591 Z
  _version: 0.10.0/0.41.0/
  since: 2025-04-25 13:24:44.854909500 Z
  what: quality-of-service
  when: 2025-05-23 13:24:44.854875676 Z
