---
- added: 8
  cycles: 1
  deleted: 8
  error: 'Judge quality-of-service stopped by timeout after 3m0s: execution expired'
  inserted: 8
  seconds: 180.372346114
  version: 0.41.0
  what: judges-summary
  when: 2025-05-06 13:29:42.946491411 Z
- _id: 1
  _time: 2025-05-06 13:26:42.890945656 Z
  _version: 0.10.0/0.41.0/
  since: 2025-04-08 13:26:42.891178950 Z
  what: quality-of-service
  when: 2025-05-06 13:26:42.891140178 Z
- _id: 2
  _time: 2025-05-06 13:29:42.578261363 Z
  _version: 0.10.0/0.41.0/
  what: dimensions-of-terrain
  when: 2025-05-06 13:29:42.578388079 Z
- _id: 3
  _time: 2025-05-06 13:29:42.592010551 Z
  _version: 0.10.0/0.41.0/
  since: 2025-04-08 13:29:42.592146564 Z
  what: quantity-of-deliverables
  when: 2025-05-06 13:29:42.592114575 Z
