---
- added: 8
  cycles: 1
  deleted: 8
  inserted: 8
  seconds: 135.629551214
  version: 0.41.0
  what: judges-summary
  when: 2025-05-03 23:13:42.658779115 Z
- _id: 1
  _time: 2025-05-03 23:13:42.272299444 Z
  _version: 0.10.0/0.41.0/
  since: 2025-04-05 23:11:27.352228773 Z
  total_builds_ran: 10771
  what: quantity-of-deliverables
  when: 2025-05-03 23:11:27.352187246 Z
- _id: 2
  _time: 2025-05-03 23:13:42.651660006 Z
  _version: 0.10.0/0.41.0/
  what: dimensions-of-terrain
  when: 2025-05-03 23:13:42.651784869 Z
- _id: 3
  _time: 2025-05-03 23:13:42.653202221 Z
  _version: 0.10.0/0.41.0/
  since: 2025-04-05 23:13:42.653372239 Z
  what: quality-of-service
  when: 2025-05-03 23:13:42.653304462 Z
