---
- added: 8
  cycles: 1
  deleted: 8
  inserted: 8
  seconds: 6.960829761
  version: 0.41.0
  what: judges-summary
  when: 2025-05-11 20:12:50.729031724 Z
- _id: 1
  _time: 2025-05-11 20:12:50.716387738 Z
  _version: 0.10.0/0.41.0/
  since: 2025-04-13 20:12:50.716611479 Z
  what: quality-of-service
  when: 2025-05-11 20:12:50.716568277 Z
- _id: 2
  _time: 2025-05-11 20:12:50.724897086 Z
  _version: 0.10.0/0.41.0/
  since: 2025-04-13 20:12:50.725129903 Z
  what: quantity-of-deliverables
  when: 2025-05-11 20:12:50.725071303 Z
- _id: 3
  _time: 2025-05-11 20:12:50.726694482 Z
  _version: 0.10.0/0.41.0/
  what: dimensions-of-terrain
  when: 2025-05-11 20:12:50.726862969 Z
