---
- added: 8
  cycles: 1
  deleted: 8
  inserted: 8
  seconds: 13.029377718
  version: 0.41.0
  what: judges-summary
  when: 2025-05-03 11:09:56.112811174 Z
- _id: 1
  _time: 2025-05-03 11:09:56.104769466 Z
  _version: 0.10.0/0.41.0/
  since: 2025-04-05 11:09:56.104976361 Z
  what: quantity-of-deliverables
  when: 2025-05-03 11:09:56.104927620 Z
- _id: 2
  _time: 2025-05-03 11:09:56.109691642 Z
  _version: 0.10.0/0.41.0/
  what: dimensions-of-terrain
  when: 2025-05-03 11:09:56.109828036 Z
- _id: 3
  _time: 2025-05-03 11:09:56.111830184 Z
  _version: 0.10.0/0.41.0/
  since: 2025-04-05 11:09:56.111966207 Z
  what: quality-of-service
  when: 2025-05-03 11:09:56.111933627 Z
