---
- added: 8
  cycles: 1
  deleted: 8
  error: 'key not found: "data"'
  inserted: 8
  seconds: 10.117096391
  version: 0.41.0
  what: judges-summary
  when: 2025-05-16 08:17:19.726233328 Z
- _id: 1
  _time: 2025-05-16 08:17:09.934465907 Z
  _version: 0.10.0/0.41.0/
  what: dimensions-of-terrain
  when: 2025-05-16 08:17:09.934622940 Z
- _id: 2
  _time: 2025-05-16 08:17:19.715973346 Z
  _version: 0.10.0/0.41.0/
  since: 2025-04-18 08:17:19.716136408 Z
  what: quantity-of-deliverables
  when: 2025-05-16 08:17:19.716101103 Z
- _id: 3
  _time: 2025-05-16 08:17:19.725185987 Z
  _version: 0.10.0/0.41.0/
  since: 2025-04-18 08:17:19.725324624 Z
  what: quality-of-service
  when: 2025-05-16 08:17:19.725292014 Z
