---
- added: 8
  cycles: 1
  deleted: 8
  inserted: 8
  seconds: 9.908830472
  version: 0.41.0
  what: judges-summary
  when: 2025-05-15 04:16:33.254195254 Z
- _id: 1
  _time: 2025-05-15 04:16:32.890171927 Z
  _version: 0.10.0/0.41.0/
  total_forks: 323
  total_stars: 1588
  what: dimensions-of-terrain
  when: 2025-05-15 04:16:23.701742188 Z
- _id: 2
  _time: 2025-05-15 04:16:32.895197002 Z
  _version: 0.10.0/0.41.0/
  since: 2025-04-17 04:16:32.895334146 Z
  what: quality-of-service
  when: 2025-05-15 04:16:32.895300864 Z
- _id: 3
  _time: 2025-05-15 04:16:32.901574295 Z
  _version: 0.10.0/0.41.0/
  since: 2025-04-17 04:16:32.901762834 Z
  what: quantity-of-deliverables
  when: 2025-05-15 04:16:32.901725686 Z
