---
- added: 8
  cycles: 1
  deleted: 8
  inserted: 8
  seconds: 14.10833503
  version: 0.41.0
  what: judges-summary
  when: 2025-05-24 13:22:07.453488771 Z
- _id: 1
  _time: 2025-05-24 13:22:07.447908420 Z
  _version: 0.10.0/0.41.0/
  what: dimensions-of-terrain
  when: 2025-05-24 13:22:07.448052922 Z
- _id: 2
  _time: 2025-05-24 13:22:07.450215153 Z
  _version: 0.10.0/0.41.0/
  since: 2025-04-26 13:22:07.450349155 Z
  what: quantity-of-deliverables
  when: 2025-05-24 13:22:07.450316143 Z
- _id: 3
  _time: 2025-05-24 13:22:07.452416387 Z
  _version: 0.10.0/0.41.0/
  since: 2025-04-26 13:22:07.452592137 Z
  what: quality-of-service
  when: 2025-05-24 13:22:07.452553644 Z
