---
- added: 8
  cycles: 1
  deleted: 8
  inserted: 8
  seconds: 7.540159783
  version: 0.41.0
  what: judges-summary
  when: 2025-05-04 09:12:09.467900770 Z
- _id: 1
  _time: 2025-05-04 09:12:09.136212498 Z
  _version: 0.10.0/0.41.0/
  since: 2025-04-06 09:12:09.136421698 Z
  what: quality-of-service
  when: 2025-05-04 09:12:09.136383647 Z
- _id: 2
  _time: 2025-05-04 09:12:09.139653919 Z
  _version: 0.10.0/0.41.0/
  what: dimensions-of-terrain
  when: 2025-05-04 09:12:09.139753825 Z
- _id: 3
  _time: 2025-05-04 09:12:09.465733286 Z
  _version: 0.10.0/0.41.0/
  since: 2025-04-06 09:12:09.465886812 Z
  what: quantity-of-deliverables
  when: 2025-05-04 09:12:09.465851997 Z
