---
- added: 8
  cycles: 1
  deleted: 8
  inserted: 8
  seconds: 8.382785223
  version: 0.41.0
  what: judges-summary
  when: 2025-05-22 14:13:12.386458649 Z
- _id: 1
  _time: 2025-05-22 14:13:12.045683941 Z
  _version: 0.10.0/0.41.0/
  since: 2025-04-24 14:13:12.045866913 Z
  what: quantity-of-deliverables
  when: 2025-05-22 14:13:12.045829523 Z
- _id: 2
  _time: 2025-05-22 14:13:12.381614297 Z
  _version: 0.10.0/0.41.0/
  what: dimensions-of-terrain
  when: 2025-05-22 14:13:12.381740002 Z
- _id: 3
  _time: 2025-05-22 14:13:12.385445533 Z
  _version: 0.10.0/0.41.0/
  since: 2025-04-24 14:13:12.385583982 Z
  what: quality-of-service
  when: 2025-05-22 14:13:12.385549928 Z
