---
- added: 8
  cycles: 1
  deleted: 8
  inserted: 8
  seconds: 6.663594149
  version: 0.41.0
  what: judges-summary
  when: 2025-05-18 05:12:33.670561690 Z
- _id: 1
  _time: 2025-05-18 05:12:33.662641962 Z
  _version: 0.10.0/0.41.0/
  since: 2025-04-20 05:12:33.663003148 Z
  what: quality-of-service
  when: 2025-05-18 05:12:33.662942986 Z
- _id: 2
  _time: 2025-05-18 05:12:33.668290395 Z
  _version: 0.10.0/0.41.0/
  what: dimensions-of-terrain
  when: 2025-05-18 05:12:33.668392386 Z
- _id: 3
  _time: 2025-05-18 05:12:33.669570954 Z
  _version: 0.10.0/0.41.0/
  since: 2025-04-20 05:12:33.669736294 Z
  what: quantity-of-deliverables
  when: 2025-05-18 05:12:33.669703713 Z
