---
- added: 8
  cycles: 1
  deleted: 8
  inserted: 8
  seconds: 115.324509218
  version: 0.41.0
  what: judges-summary
  when: 2025-05-10 03:34:48.582117127 Z
- _id: 1
  _time: 2025-05-10 03:34:48.576852983 Z
  _version: 0.10.0/0.41.0/
  since: 2025-04-12 03:34:48.577061232 Z
  what: quantity-of-deliverables
  when: 2025-05-10 03:34:48.577020015 Z
- _id: 2
  _time: 2025-05-10 03:34:48.579556358 Z
  _version: 0.10.0/0.41.0/
  since: 2025-04-12 03:34:48.579698023 Z
  what: quality-of-service
  when: 2025-05-10 03:34:48.579664149 Z
- _id: 3
  _time: 2025-05-10 03:34:48.580941453 Z
  _version: 0.10.0/0.41.0/
  what: dimensions-of-terrain
  when: 2025-05-10 03:34:48.581048273 Z
