---
- added: 8
  cycles: 1
  deleted: 8
  inserted: 8
  seconds: 7.692146336
  version: 0.41.0
  what: judges-summary
  when: 2025-05-04 01:04:23.706533551 Z
- _id: 1
  _time: 2025-05-04 01:04:23.693937491 Z
  _version: 0.10.0/0.41.0/
  what: dimensions-of-terrain
  when: 2025-05-04 01:04:23.694086571 Z
- _id: 2
  _time: 2025-05-04 01:04:23.699457927 Z
  _version: 0.10.0/0.41.0/
  since: 2025-04-06 01:04:23.699614541 Z
  what: quality-of-service
  when: 2025-05-04 01:04:23.699577622 Z
- _id: 3
  _time: 2025-05-04 01:04:23.701008802 Z
  _version: 0.10.0/0.41.0/
  since: 2025-04-06 01:04:23.701139908 Z
  what: quantity-of-deliverables
  when: 2025-05-04 01:04:23.701109000 Z
