---
- added: 8
  cycles: 1
  deleted: 8
  inserted: 8
  seconds: 7.966504071
  version: 0.41.0
  what: judges-summary
  when: 2025-05-22 20:14:38.871147801 Z
- _id: 1
  _time: 2025-05-22 20:14:38.473196782 Z
  _version: 0.10.0/0.41.0/
  what: dimensions-of-terrain
  when: 2025-05-22 20:14:38.473350141 Z
- _id: 2
  _time: 2025-05-22 20:14:38.477402601 Z
  _version: 0.10.0/0.41.0/
  since: 2025-04-24 20:14:38.477542205 Z
  what: quantity-of-deliverables
  when: 2025-05-22 20:14:38.477510054 Z
- _id: 3
  _time: 2025-05-22 20:14:38.478814376 Z
  _version: 0.10.0/0.41.0/
  since: 2025-04-24 20:14:38.478995639 Z
  what: quality-of-service
  when: 2025-05-22 20:14:38.478961504 Z
