---
- added: 8
  cycles: 1
  deleted: 8
  inserted: 8
  seconds: 6.951230261
  version: 0.41.0
  what: judges-summary
  when: 2025-05-04 18:15:30.230331066 Z
- _id: 1
  _time: 2025-05-04 18:15:30.218613996 Z
  _version: 0.10.0/0.41.0/
  what: dimensions-of-terrain
  when: 2025-05-04 18:15:30.218791568 Z
- _id: 2
  _time: 2025-05-04 18:15:30.221115320 Z
  _version: 0.10.0/0.41.0/
  since: 2025-04-06 18:15:30.221253387 Z
  what: quantity-of-deliverables
  when: 2025-05-04 18:15:30.221220165 Z
- _id: 3
  _time: 2025-05-04 18:15:30.222958662 Z
  _version: 0.10.0/0.41.0/
  since: 2025-04-06 18:15:30.223128098 Z
  what: quality-of-service
  when: 2025-05-04 18:15:30.223093073 Z
