---
- added: 8
  cycles: 1
  deleted: 8
  inserted: 8
  seconds: 10.225863225
  version: 0.41.0
  what: judges-summary
  when: 2025-05-13 16:16:05.698378658 Z
- _id: 1
  _time: 2025-05-13 16:16:05.358727100 Z
  _version: 0.10.0/0.41.0/
  since: 2025-04-15 16:16:05.359039371 Z
  what: quantity-of-deliverables
  when: 2025-05-13 16:16:05.358974942 Z
- _id: 2
  _time: 2025-05-13 16:16:05.360315849 Z
  _version: 0.10.0/0.41.0/
  what: dimensions-of-terrain
  when: 2025-05-13 16:16:05.360416467 Z
- _id: 3
  _time: 2025-05-13 16:16:05.361722289 Z
  _version: 0.10.0/0.41.0/
  since: 2025-04-15 16:16:05.361859986 Z
  what: quality-of-service
  when: 2025-05-13 16:16:05.361826173 Z
