---
- added: 8
  cycles: 1
  deleted: 8
  inserted: 8
  seconds: 19.927702601
  version: 0.41.0
  what: judges-summary
  when: 2025-05-14 18:16:19.203421020 Z
- _id: 1
  _time: 2025-05-14 18:16:18.836483849 Z
  _version: 0.10.0/0.41.0/
  total_files: 4797
  what: dimensions-of-terrain
  when: 2025-05-14 18:15:59.607057069 Z
- _id: 2
  _time: 2025-05-14 18:16:18.847251749 Z
  _version: 0.10.0/0.41.0/
  since: 2025-04-16 18:16:18.847416185 Z
  what: quality-of-service
  when: 2025-05-14 18:16:18.847378705 Z
- _id: 3
  _time: 2025-05-14 18:16:18.849596564 Z
  _version: 0.10.0/0.41.0/
  since: 2025-04-16 18:16:18.849763125 Z
  what: quantity-of-deliverables
  when: 2025-05-14 18:16:18.849730323 Z
