---
- added: 8
  cycles: 1
  deleted: 8
  inserted: 8
  seconds: 16.758207579
  version: 0.41.0
  what: judges-summary
  when: 2025-05-11 12:21:24.982938604 Z
- _id: 1
  _time: 2025-05-11 12:21:24.631355251 Z
  _version: 0.10.0/0.41.0/
  latest: 0
  repository: 798766850
  what: labels-were-scanned
  where: github
- _id: 2
  _time: 2025-05-11 12:21:24.973122840 Z
  _version: 0.10.0/0.41.0/
  what: dimensions-of-terrain
  when: 2025-05-11 12:21:24.973252492 Z
- _id: 3
  _time: 2025-05-11 12:21:24.975343103 Z
  _version: 0.10.0/0.41.0/
  since: 2025-04-13 12:21:24.975498934 Z
  what: quality-of-service
  when: 2025-05-11 12:21:24.975460943 Z
- _id: 4
  _time: 2025-05-11 12:21:24.978706714 Z
  _version: 0.10.0/0.41.0/
  since: 2025-04-13 12:21:24.978841947 Z
  what: quantity-of-deliverables
  when: 2025-05-11 12:21:24.978809266 Z
