---
- added: 8
  cycles: 1
  deleted: 8
  inserted: 8
  seconds: 7.126532828
  version: 0.41.0
  what: judges-summary
  when: 2025-05-07 23:12:21.805871584 Z
- _id: 1
  _time: 2025-05-07 23:12:21.469762537 Z
  _version: 0.10.0/0.41.0/
  total_forks: 318
  total_stars: 1572
  what: dimensions-of-terrain
  when: 2025-05-07 23:12:15.019494131 Z
- _id: 2
  _time: 2025-05-07 23:12:21.475722699 Z
  _version: 0.10.0/0.41.0/
  since: 2025-04-09 23:12:21.475856458 Z
  what: quantity-of-deliverables
  when: 2025-05-07 23:12:21.475824208 Z
- _id: 3
  _time: 2025-05-07 23:12:21.478126066 Z
  _version: 0.10.0/0.41.0/
  since: 2025-04-09 23:12:21.478261568 Z
  what: quality-of-service
  when: 2025-05-07 23:12:21.478229058 Z
