---
- added: 8
  cycles: 1
  deleted: 8
  inserted: 8
  seconds: 12.032328979
  version: 0.41.0
  what: judges-summary
  when: 2025-05-23 16:15:30.376806256 Z
- _id: 1
  _time: 2025-05-23 16:15:30.040546550 Z
  _version: 0.10.0/0.41.0/
  since: 2025-04-25 16:15:30.040734922 Z
  what: quantity-of-deliverables
  when: 2025-05-23 16:15:30.040699085 Z
- _id: 2
  _time: 2025-05-23 16:15:30.044615523 Z
  _version: 0.10.0/0.41.0/
  what: dimensions-of-terrain
  when: 2025-05-23 16:15:30.044788576 Z
- _id: 3
  _time: 2025-05-23 16:15:30.374456343 Z
  _version: 0.10.0/0.41.0/
  since: 2025-04-25 16:15:30.374857844 Z
  what: quality-of-service
  when: 2025-05-23 16:15:30.374582519 Z
