---
- added: 8
  cycles: 1
  deleted: 8
  inserted: 8
  seconds: 9.714829384
  version: 0.41.0
  what: judges-summary
  when: 2025-05-19 11:11:41.564323166 Z
- _id: 1
  _time: 2025-05-19 11:11:41.213265408 Z
  _version: 0.10.0/0.41.0/
  since: 2025-04-21 11:11:41.213462416 Z
  what: quality-of-service
  when: 2025-05-19 11:11:41.213423784 Z
- _id: 2
  _time: 2025-05-19 11:11:41.558936807 Z
  _version: 0.10.0/0.41.0/
  what: dimensions-of-terrain
  when: 2025-05-19 11:11:41.559380415 Z
- _id: 3
  _time: 2025-05-19 11:11:41.563273667 Z
  _version: 0.10.0/0.41.0/
  since: 2025-04-21 11:11:41.563414991 Z
  what: quantity-of-deliverables
  when: 2025-05-19 11:11:41.563381889 Z
