---
- added: 8
  cycles: 1
  deleted: 8
  inserted: 8
  seconds: 17.661467927
  version: 0.41.0
  what: judges-summary
  when: 2025-05-08 08:17:36.977925097 Z
- _id: 1
  _time: 2025-05-08 08:17:36.963376330 Z
  _version: 0.10.0/0.41.0/
  since: 2025-04-10 08:17:36.963571414 Z
  what: quality-of-service
  when: 2025-05-08 08:17:36.963532752 Z
- _id: 2
  _time: 2025-05-08 08:17:36.971325932 Z
  _version: 0.10.0/0.41.0/
  what: dimensions-of-terrain
  when: 2025-05-08 08:17:36.971565660 Z
- _id: 3
  _time: 2025-05-08 08:17:36.975056148 Z
  _version: 0.10.0/0.41.0/
  since: 2025-04-10 08:17:36.975213502 Z
  what: quantity-of-deliverables
  when: 2025-05-08 08:17:36.975177535 Z
