---
- added: 8
  cycles: 1
  deleted: 8
  inserted: 8
  seconds: 18.47090313
  version: 0.41.0
  what: judges-summary
  when: 2025-05-15 19:10:35.461261186 Z
- _id: 1
  _time: 2025-05-15 19:10:35.452737029 Z
  _version: 0.10.0/0.41.0/
  since: 2025-04-17 19:10:35.452936542 Z
  what: quantity-of-deliverables
  when: 2025-05-15 19:10:35.452877261 Z
- _id: 2
  _time: 2025-05-15 19:10:35.454668606 Z
  _version: 0.10.0/0.41.0/
  since: 2025-04-17 19:10:35.454798599 Z
  what: quality-of-service
  when: 2025-05-15 19:10:35.454767471 Z
- _id: 3
  _time: 2025-05-15 19:10:35.455940581 Z
  _version: 0.10.0/0.41.0/
  what: dimensions-of-terrain
  when: 2025-05-15 19:10:35.456047561 Z
