---
- added: 8
  cycles: 1
  deleted: 8
  inserted: 8
  seconds: 14.158395365
  version: 0.41.0
  what: judges-summary
  when: 2025-05-13 14:13:18.687091863 Z
- _id: 1
  _time: 2025-05-13 14:13:18.677769280 Z
  _version: 0.10.0/0.41.0/
  since: 2025-04-15 14:13:18.677957522 Z
  what: quantity-of-deliverables
  when: 2025-05-13 14:13:18.677920172 Z
- _id: 2
  _time: 2025-05-13 14:13:18.682206063 Z
  _version: 0.10.0/0.41.0/
  what: dimensions-of-terrain
  when: 2025-05-13 14:13:18.682313023 Z
- _id: 3
  _time: 2025-05-13 14:13:18.686148368 Z
  _version: 0.10.0/0.41.0/
  since: 2025-04-15 14:13:18.686290163 Z
  what: quality-of-service
  when: 2025-05-13 14:13:18.686257151 Z
