---
- added: 8
  cycles: 1
  deleted: 8
  inserted: 8
  seconds: 17.412330342
  version: 0.41.0
  what: judges-summary
  when: 2025-05-17 13:20:32.962375065 Z
- _id: 1
  _time: 2025-05-17 13:20:32.951963211 Z
  _version: 0.10.0/0.41.0/
  what: dimensions-of-terrain
  when: 2025-05-17 13:20:32.952111556 Z
- _id: 2
  _time: 2025-05-17 13:20:32.955098177 Z
  _version: 0.10.0/0.41.0/
  since: 2025-04-19 13:20:32.955239018 Z
  what: quality-of-service
  when: 2025-05-17 13:20:32.955206288 Z
- _id: 3
  _time: 2025-05-17 13:20:32.958280722 Z
  _version: 0.10.0/0.41.0/
  since: 2025-04-19 13:20:32.958417676 Z
  what: quantity-of-deliverables
  when: 2025-05-17 13:20:32.958385075 Z
