---
- added: 8
  cycles: 1
  deleted: 8
  inserted: 8
  seconds: 7.079347053
  version: 0.41.0
  what: judges-summary
  when: 2025-05-11 18:15:13.813208900 Z
- _id: 1
  _time: 2025-05-11 18:15:13.804000384 Z
  _version: 0.10.0/0.41.0/
  since: 2025-04-13 18:15:13.804235423 Z
  what: quality-of-service
  when: 2025-05-11 18:15:13.804184939 Z
- _id: 2
  _time: 2025-05-11 18:15:13.806050546 Z
  _version: 0.10.0/0.41.0/
  since: 2025-04-13 18:15:13.806230963 Z
  what: quantity-of-deliverables
  when: 2025-05-11 18:15:13.806191389 Z
- _id: 3
  _time: 2025-05-11 18:15:13.810659207 Z
  _version: 0.10.0/0.41.0/
  what: dimensions-of-terrain
  when: 2025-05-11 18:15:13.810770705 Z
