---
- added: 8
  cycles: 1
  deleted: 8
  error: 'Judge quantity-of-deliverables stopped by timeout after 3m0s: execution
    expired'
  inserted: 8
  seconds: 180.657574294
  version: 0.41.0
  what: judges-summary
  when: 2025-05-02 08:19:36.770429169 Z
- _id: 1
  _time: 2025-05-02 08:16:36.437888314 Z
  _version: 0.10.0/0.41.0/
  since: 2025-04-04 08:16:36.438059215 Z
  what: quantity-of-deliverables
  when: 2025-05-02 08:16:36.438022576 Z
- _id: 2
  _time: 2025-05-02 08:19:36.438803498 Z
  _version: 0.10.0/0.41.0/
  what: dimensions-of-terrain
  when: 2025-05-02 08:19:36.438936699 Z
- _id: 3
  _time: 2025-05-02 08:19:36.765758590 Z
  _version: 0.10.0/0.41.0/
  since: 2025-04-04 08:19:36.765918381 Z
  what: quality-of-service
  when: 2025-05-02 08:19:36.765884828 Z
