---
- added: 8
  cycles: 1
  deleted: 8
  inserted: 8
  seconds: 151.552596863
  version: 0.41.0
  what: judges-summary
  when: 2025-05-01 07:15:45.441305355 Z
- _id: 1
  _time: 2025-05-01 07:15:45.103203941 Z
  _version: 0.10.0/0.41.0/
  since: 2025-04-03 07:13:14.221157926 Z
  total_builds_ran: 10599
  what: quantity-of-deliverables
  when: 2025-05-01 07:13:14.221117751 Z
- _id: 2
  _time: 2025-05-01 07:15:45.114736968 Z
  _version: 0.10.0/0.41.0/
  what: dimensions-of-terrain
  when: 2025-05-01 07:15:45.114846162 Z
- _id: 3
  _time: 2025-05-01 07:15:45.438488484 Z
  _version: 0.10.0/0.41.0/
  since: 2025-04-03 07:15:45.438655196 Z
  what: quality-of-service
  when: 2025-05-01 07:15:45.438618467 Z
