---
- added: 8
  cycles: 1
  deleted: 8
  error: 'Judge quality-of-service stopped by timeout after 3m0s: execution expired'
  inserted: 8
  seconds: 180.372632236
  version: 0.41.0
  what: judges-summary
  when: 2025-05-14 05:16:25.254546887 Z
- _id: 1
  _time: 2025-05-14 05:13:25.224944591 Z
  _version: 0.10.0/0.41.0/
  since: 2025-04-16 05:13:25.225200350 Z
  what: quality-of-service
  when: 2025-05-14 05:13:25.225161317 Z
- _id: 2
  _time: 2025-05-14 05:16:24.885455709 Z
  _version: 0.10.0/0.41.0/
  since: 2025-04-16 05:16:24.885646316 Z
  what: quantity-of-deliverables
  when: 2025-05-14 05:16:24.885581094 Z
- _id: 3
  _time: 2025-05-14 05:16:24.894940680 Z
  _version: 0.10.0/0.41.0/
  what: dimensions-of-terrain
  when: 2025-05-14 05:16:24.895047329 Z
