---
- added: 8
  cycles: 1
  deleted: 8
  inserted: 8
  seconds: 19.094663581
  version: 0.41.0
  what: judges-summary
  when: 2025-04-30 15:13:51.454776280 Z
- _id: 1
  _time: 2025-04-30 15:13:51.064539151 Z
  _version: 0.10.0/0.41.0/
  average_release_interval: 236511.25
  since: 2025-04-02 15:13:32.715854758 Z
  what: quality-of-service
  when: 2025-04-30 15:13:32.715809042 Z
- _id: 2
  _time: 2025-04-30 15:13:51.075789174 Z
  _version: 0.10.0/0.41.0/
  since: 2025-04-02 15:13:51.075946409 Z
  what: quantity-of-deliverables
  when: 2025-04-30 15:13:51.075910581 Z
- _id: 3
  _time: 2025-04-30 15:13:51.080640689 Z
  _version: 0.10.0/0.41.0/
  what: dimensions-of-terrain
  when: 2025-04-30 15:13:51.080792744 Z
