---
- added: 8
  cycles: 1
  deleted: 8
  error: 'key not found: "data"'
  inserted: 8
  seconds: 12.109962224
  version: 0.41.0
  what: judges-summary
  when: 2025-05-21 01:00:33.549051586 Z
- _id: 1
  _time: 2025-05-21 01:00:21.774785975 Z
  _version: 0.10.0/0.41.0/
  what: dimensions-of-terrain
  when: 2025-05-21 01:00:21.774932799 Z
- _id: 2
  _time: 2025-05-21 01:00:33.543803559 Z
  _version: 0.10.0/0.41.0/
  since: 2025-04-23 01:00:33.544045951 Z
  what: quantity-of-deliverables
  when: 2025-05-21 01:00:33.543990948 Z
- _id: 3
  _time: 2025-05-21 01:00:33.545670211 Z
  _version: 0.10.0/0.41.0/
  since: 2025-04-23 01:00:33.545882417 Z
  what: quality-of-service
  when: 2025-05-21 01:00:33.545830911 Z
