---
- added: 8
  cycles: 1
  deleted: 8
  inserted: 8
  seconds: 14.945501359
  version: 0.41.0
  what: judges-summary
  when: 2025-05-06 17:11:49.120784241 Z
- _id: 1
  _time: 2025-05-06 17:11:48.743976294 Z
  _version: 0.10.0/0.41.0/
  since: 2025-04-08 17:11:34.508305714 Z
  total_issues_created: 207
  total_pulls_submitted: 105
  what: quantity-of-deliverables
  when: 2025-05-06 17:11:34.508264297 Z
- _id: 2
  _time: 2025-05-06 17:11:48.748573754 Z
  _version: 0.10.0/0.41.0/
  what: dimensions-of-terrain
  when: 2025-05-06 17:11:48.748678801 Z
- _id: 3
  _time: 2025-05-06 17:11:48.759215871 Z
  _version: 0.10.0/0.41.0/
  since: 2025-04-08 17:11:48.762124252 Z
  what: quality-of-service
  when: 2025-05-06 17:11:48.762022241 Z
