---
- added: 8
  cycles: 1
  deleted: 8
  inserted: 8
  seconds: 10.247769796
  version: 0.41.0
  what: judges-summary
  when: 2025-05-15 18:17:46.591965180 Z
- _id: 1
  _time: 2025-05-15 18:17:46.201432292 Z
  _version: 0.10.0/0.41.0/
  since: 2025-04-17 18:17:46.201619352 Z
  what: quantity-of-deliverables
  when: 2025-05-15 18:17:46.201580569 Z
- _id: 2
  _time: 2025-05-15 18:17:46.582512358 Z
  _version: 0.10.0/0.41.0/
  since: 2025-04-17 18:17:46.582722972 Z
  what: quality-of-service
  when: 2025-05-15 18:17:46.582678058 Z
- _id: 3
  _time: 2025-05-15 18:17:46.590057897 Z
  _version: 0.10.0/0.41.0/
  what: dimensions-of-terrain
  when: 2025-05-15 18:17:46.590173503 Z
