---
- added: 8
  cycles: 1
  deleted: 8
  inserted: 8
  seconds: 18.922462494
  version: 0.41.0
  what: judges-summary
  when: 2025-05-15 11:11:55.760333950 Z
- _id: 1
  _time: 2025-05-15 11:11:55.394932563 Z
  _version: 0.10.0/0.41.0/
  total_releases: 601
  what: dimensions-of-terrain
  when: 2025-05-15 11:11:37.172962019 Z
- _id: 2
  _time: 2025-05-15 11:11:55.398774345 Z
  _version: 0.10.0/0.41.0/
  since: 2025-04-17 11:11:55.398998101 Z
  what: quantity-of-deliverables
  when: 2025-05-15 11:11:55.398960642 Z
- _id: 3
  _time: 2025-05-15 11:11:55.408553027 Z
  _version: 0.10.0/0.41.0/
  since: 2025-04-17 11:11:55.409156678 Z
  what: quality-of-service
  when: 2025-05-15 11:11:55.409121633 Z
