---
- added: 8
  cycles: 1
  deleted: 8
  inserted: 8
  seconds: 13.133589795
  version: 0.41.0
  what: judges-summary
  when: 2025-05-09 18:17:01.575016232 Z
- _id: 1
  _time: 2025-05-09 18:17:01.222273522 Z
  _version: 0.10.0/0.41.0/
  since: 2025-04-11 18:17:01.222452285 Z
  what: quality-of-service
  when: 2025-05-09 18:17:01.222415777 Z
- _id: 2
  _time: 2025-05-09 18:17:01.223715920 Z
  _version: 0.10.0/0.41.0/
  since: 2025-04-11 18:17:01.223846573 Z
  what: quantity-of-deliverables
  when: 2025-05-09 18:17:01.223813481 Z
- _id: 3
  _time: 2025-05-09 18:17:01.569292459 Z
  _version: 0.10.0/0.41.0/
  what: dimensions-of-terrain
  when: 2025-05-09 18:17:01.569432420 Z
