---
- added: 8
  cycles: 1
  deleted: 8
  inserted: 8
  seconds: 9.95147179
  version: 0.41.0
  what: judges-summary
  when: 2025-05-24 18:15:39.284986667 Z
- _id: 1
  _time: 2025-05-24 18:15:39.280333070 Z
  _version: 0.10.0/0.41.0/
  since: 2025-04-26 18:15:39.280514842 Z
  what: quantity-of-deliverables
  when: 2025-05-24 18:15:39.280478033 Z
- _id: 2
  _time: 2025-05-24 18:15:39.281690208 Z
  _version: 0.10.0/0.41.0/
  what: dimensions-of-terrain
  when: 2025-05-24 18:15:39.281794654 Z
- _id: 3
  _time: 2025-05-24 18:15:39.283040984 Z
  _version: 0.10.0/0.41.0/
  since: 2025-04-26 18:15:39.283174815 Z
  what: quality-of-service
  when: 2025-05-24 18:15:39.283141773 Z
