---
- added: 8
  cycles: 1
  deleted: 8
  inserted: 8
  seconds: 0.790724129
  version: 0.41.0
  what: judges-summary
  when: 2025-05-03 07:11:26.748871853 Z
- _id: 1
  _time: 2025-05-03 07:11:26.283679124 Z
  _version: 0.10.0/0.41.0/
  what: dimensions-of-terrain
  when: 2025-05-03 07:11:26.283821262 Z
- _id: 2
  _time: 2025-05-03 07:11:26.409803191 Z
  _version: 0.10.0/0.41.0/
  since: 2025-04-05 07:11:26.409961029 Z
  what: quality-of-service
  when: 2025-05-03 07:11:26.409926774 Z
- _id: 3
  _time: 2025-05-03 07:11:26.745785882 Z
  _version: 0.10.0/0.41.0/
  since: 2025-04-05 07:11:26.746095767 Z
  what: quantity-of-deliverables
  when: 2025-05-03 07:11:26.746054129 Z
