---
- added: 8
  cycles: 1
  deleted: 8
  inserted: 8
  seconds: 0.729494089
  version: 0.41.0
  what: judges-summary
  when: 2025-05-23 14:12:43.062750728 Z
- _id: 1
  _time: 2025-05-23 14:12:42.653029391 Z
  _version: 0.10.0/0.41.0/
  since: 2025-04-25 14:12:42.653204288 Z
  what: quality-of-service
  when: 2025-05-23 14:12:42.653161448 Z
- _id: 2
  _time: 2025-05-23 14:12:42.717032971 Z
  _version: 0.10.0/0.41.0/
  what: dimensions-of-terrain
  when: 2025-05-23 14:12:42.717167142 Z
- _id: 3
  _time: 2025-05-23 14:12:43.061767188 Z
  _version: 0.10.0/0.41.0/
  since: 2025-04-25 14:12:43.061927128 Z
  what: quantity-of-deliverables
  when: 2025-05-23 14:12:43.061892553 Z
