---
- added: 8
  cycles: 1
  deleted: 8
  error: 'key not found: "data"'
  inserted: 8
  seconds: 9.883450477
  version: 0.41.0
  what: judges-summary
  when: 2025-05-20 06:19:04.521873399 Z
- _id: 1
  _time: 2025-05-20 06:18:54.961230411 Z
  _version: 0.10.0/0.41.0/
  what: dimensions-of-terrain
  when: 2025-05-20 06:18:54.961374961 Z
- _id: 2
  _time: 2025-05-20 06:19:04.514404922 Z
  _version: 0.10.0/0.41.0/
  since: 2025-04-22 06:19:04.514567254 Z
  what: quality-of-service
  when: 2025-05-20 06:19:04.514533050 Z
- _id: 3
  _time: 2025-05-20 06:19:04.518551509 Z
  _version: 0.10.0/0.41.0/
  since: 2025-04-22 06:19:04.518693544 Z
  what: quantity-of-deliverables
  when: 2025-05-20 06:19:04.518661294 Z
