---
- added: 8
  cycles: 1
  deleted: 8
  inserted: 8
  seconds: 7.553519912
  version: 0.41.0
  what: judges-summary
  when: 2025-05-21 14:13:31.435895160 Z
- _id: 1
  _time: 2025-05-21 14:13:31.425268291 Z
  _version: 0.10.0/0.41.0/
  what: dimensions-of-terrain
  when: 2025-05-21 14:13:31.425449810 Z
- _id: 2
  _time: 2025-05-21 14:13:31.428893957 Z
  _version: 0.10.0/0.41.0/
  since: 2025-04-23 14:13:31.429033618 Z
  what: quantity-of-deliverables
  when: 2025-05-21 14:13:31.429001288 Z
- _id: 3
  _time: 2025-05-21 14:13:31.432956205 Z
  _version: 0.10.0/0.41.0/
  since: 2025-04-23 14:13:31.433100544 Z
  what: quality-of-service
  when: 2025-05-21 14:13:31.433063956 Z
