---
- added: 8
  cycles: 1
  deleted: 8
  inserted: 8
  seconds: 7.725600741
  version: 0.41.0
  what: judges-summary
  when: 2025-05-08 05:13:41.411141599 Z
- _id: 1
  _time: 2025-05-08 05:13:41.062147964 Z
  _version: 0.10.0/0.41.0/
  since: 2025-04-10 05:13:41.062370349 Z
  what: quantity-of-deliverables
  when: 2025-05-08 05:13:41.062331095 Z
- _id: 2
  _time: 2025-05-08 05:13:41.066662023 Z
  _version: 0.10.0/0.41.0/
  what: dimensions-of-terrain
  when: 2025-05-08 05:13:41.066767269 Z
- _id: 3
  _time: 2025-05-08 05:13:41.068018913 Z
  _version: 0.10.0/0.41.0/
  since: 2025-04-10 05:13:41.068150919 Z
  what: quality-of-service
  when: 2025-05-08 05:13:41.068117977 Z
