---
- added: 8
  cycles: 1
  deleted: 8
  error: 'Judge quantity-of-deliverables stopped by timeout after 3m0s: execution
    expired'
  inserted: 8
  seconds: 180.666128846
  version: 0.41.0
  what: judges-summary
  when: 2025-05-17 08:22:59.804013943 Z
- _id: 1
  _time: 2025-05-17 08:19:59.464238785 Z
  _version: 0.10.0/0.41.0/
  since: 2025-04-19 08:19:59.464413961 Z
  what: quantity-of-deliverables
  when: 2025-05-17 08:19:59.464378385 Z
- _id: 2
  _time: 2025-05-17 08:22:59.472431186 Z
  _version: 0.10.0/0.41.0/
  what: dimensions-of-terrain
  when: 2025-05-17 08:22:59.472562730 Z
- _id: 3
  _time: 2025-05-17 08:22:59.475670002 Z
  _version: 0.10.0/0.41.0/
  since: 2025-04-19 08:22:59.475848605 Z
  what: quality-of-service
  when: 2025-05-17 08:22:59.475809842 Z
