---
- added: 8
  cycles: 1
  deleted: 8
  inserted: 8
  seconds: 18.40366507
  version: 0.41.0
  what: judges-summary
  when: 2025-05-08 13:25:55.743617883 Z
- _id: 1
  _time: 2025-05-08 13:25:55.386629332 Z
  _version: 0.10.0/0.41.0/
  since: 2025-04-10 13:25:37.670566228 Z
  total_releases_published: 8
  what: quantity-of-deliverables
  when: 2025-05-08 13:25:37.670520573 Z
- _id: 2
  _time: 2025-05-08 13:25:55.401888362 Z
  _version: 0.10.0/0.41.0/
  what: dimensions-of-terrain
  when: 2025-05-08 13:25:55.401994570 Z
- _id: 3
  _time: 2025-05-08 13:25:55.740365814 Z
  _version: 0.10.0/0.41.0/
  since: 2025-04-10 13:25:55.740568732 Z
  what: quality-of-service
  when: 2025-05-08 13:25:55.740523147 Z
