---
- added: 8
  cycles: 1
  deleted: 8
  inserted: 8
  seconds: 22.168524273
  version: 0.41.0
  what: judges-summary
  when: 2025-05-18 01:04:21.180289529 Z
- _id: 1
  _time: 2025-05-18 01:04:20.815160616 Z
  _version: 0.10.0/0.41.0/
  since: 2025-04-20 01:03:59.337009280 Z
  total_issues_created: 223
  total_pulls_submitted: 107
  what: quantity-of-deliverables
  when: 2025-05-18 01:03:59.336969896 Z
- _id: 2
  _time: 2025-05-18 01:04:20.820754252 Z
  _version: 0.10.0/0.41.0/
  since: 2025-04-20 01:04:20.821142183 Z
  what: quality-of-service
  when: 2025-05-18 01:04:20.821107759 Z
- _id: 3
  _time: 2025-05-18 01:04:21.176800505 Z
  _version: 0.10.0/0.41.0/
  what: dimensions-of-terrain
  when: 2025-05-18 01:04:21.176929424 Z
