---
- added: 8
  cycles: 1
  deleted: 8
  inserted: 8
  seconds: 14.386142771
  version: 0.41.0
  what: judges-summary
  when: 2025-05-05 14:13:17.348037244 Z
- _id: 1
  _time: 2025-05-05 14:13:16.981362929 Z
  _version: 0.10.0/0.41.0/
  since: 2025-04-07 14:13:16.981548217 Z
  what: quality-of-service
  when: 2025-05-05 14:13:16.981511318 Z
- _id: 2
  _time: 2025-05-05 14:13:17.345445511 Z
  _version: 0.10.0/0.41.0/
  what: dimensions-of-terrain
  when: 2025-05-05 14:13:17.345580654 Z
- _id: 3
  _time: 2025-05-05 14:13:17.346898618 Z
  _version: 0.10.0/0.41.0/
  since: 2025-04-07 14:13:17.347101488 Z
  what: quantity-of-deliverables
  when: 2025-05-05 14:13:17.347067985 Z
