---
- added: 8
  cycles: 1
  deleted: 8
  inserted: 8
  seconds: 6.88346693
  version: 0.41.0
  what: judges-summary
  when: 2025-05-01 08:16:55.498315373 Z
- _id: 1
  _time: 2025-05-01 08:16:55.143192638 Z
  _version: 0.10.0/0.41.0/
  since: 2025-04-03 08:16:55.143372273 Z
  what: quality-of-service
  when: 2025-05-01 08:16:55.143335414 Z
- _id: 2
  _time: 2025-05-01 08:16:55.145664876 Z
  _version: 0.10.0/0.41.0/
  since: 2025-04-03 08:16:55.145797122 Z
  what: quantity-of-deliverables
  when: 2025-05-01 08:16:55.145765974 Z
- _id: 3
  _time: 2025-05-01 08:16:55.147707485 Z
  _version: 0.10.0/0.41.0/
  what: dimensions-of-terrain
  when: 2025-05-01 08:16:55.147807462 Z
