---
- added: 8
  cycles: 1
  deleted: 8
  inserted: 8
  seconds: 7.250672848
  version: 0.41.0
  what: judges-summary
  when: 2025-05-05 09:14:11.834310262 Z
- _id: 1
  _time: 2025-05-05 09:14:11.823917106 Z
  _version: 0.10.0/0.41.0/
  what: dimensions-of-terrain
  when: 2025-05-05 09:14:11.824061597 Z
- _id: 2
  _time: 2025-05-05 09:14:11.826971060 Z
  _version: 0.10.0/0.41.0/
  since: 2025-04-07 09:14:11.827105773 Z
  what: quality-of-service
  when: 2025-05-05 09:14:11.827073422 Z
- _id: 3
  _time: 2025-05-05 09:14:11.831122610 Z
  _version: 0.10.0/0.41.0/
  since: 2025-04-07 09:14:11.831257775 Z
  what: quantity-of-deliverables
  when: 2025-05-05 09:14:11.831225714 Z
