---
- added: 8
  cycles: 1
  deleted: 8
  inserted: 8
  seconds: 0.756140562
  version: 0.41.0
  what: judges-summary
  when: 2025-05-23 08:17:06.563972416 Z
- _id: 1
  _time: 2025-05-23 08:17:06.216790049 Z
  _version: 0.10.0/0.41.0/
  what: dimensions-of-terrain
  when: 2025-05-23 08:17:06.216931623 Z
- _id: 2
  _time: 2025-05-23 08:17:06.559465843 Z
  _version: 0.10.0/0.41.0/
  since: 2025-04-25 08:17:06.559630571 Z
  what: quantity-of-deliverables
  when: 2025-05-23 08:17:06.559595015 Z
- _id: 3
  _time: 2025-05-23 08:17:06.562977226 Z
  _version: 0.10.0/0.41.0/
  since: 2025-04-25 08:17:06.563115013 Z
  what: quality-of-service
  when: 2025-05-23 08:17:06.563081691 Z
