---
- added: 8
  cycles: 1
  deleted: 8
  inserted: 8
  seconds: 71.953116052
  version: 0.41.0
  what: judges-summary
  when: 2025-05-08 01:00:52.916513127 Z
- _id: 1
  _time: 2025-05-08 01:00:52.539429891 Z
  _version: 0.10.0/0.41.0/
  total_active_contributors: 11
  what: dimensions-of-terrain
  when: 2025-05-08 00:59:41.296832051 Z
- _id: 2
  _time: 2025-05-08 01:00:52.913938259 Z
  _version: 0.10.0/0.41.0/
  since: 2025-04-10 01:00:52.914148011 Z
  what: quality-of-service
  when: 2025-05-08 01:00:52.914104149 Z
- _id: 3
  _time: 2025-05-08 01:00:52.915472900 Z
  _version: 0.10.0/0.41.0/
  since: 2025-04-10 01:00:52.915611019 Z
  what: quantity-of-deliverables
  when: 2025-05-08 01:00:52.915577866 Z
