---
- added: 8
  cycles: 1
  deleted: 8
  inserted: 8
  seconds: 6.859777872
  version: 0.41.0
  what: judges-summary
  when: 2025-05-17 22:11:07.407321305 Z
- _id: 1
  _time: 2025-05-17 22:11:07.075002822 Z
  _version: 0.10.0/0.41.0/
  since: 2025-04-19 22:11:07.075185031 Z
  what: quantity-of-deliverables
  when: 2025-05-17 22:11:07.075147952 Z
- _id: 2
  _time: 2025-05-17 22:11:07.077927016 Z
  _version: 0.10.0/0.41.0/
  since: 2025-04-19 22:11:07.078062528 Z
  what: quality-of-service
  when: 2025-05-17 22:11:07.078030599 Z
- _id: 3
  _time: 2025-05-17 22:11:07.079135706 Z
  _version: 0.10.0/0.41.0/
  what: dimensions-of-terrain
  when: 2025-05-17 22:11:07.079235973 Z
