---
- added: 8
  cycles: 1
  deleted: 8
  inserted: 8
  seconds: 10.19549372
  version: 0.41.0
  what: judges-summary
  when: 2025-05-08 09:13:49.707849268 Z
- _id: 1
  _time: 2025-05-08 09:13:49.698624776 Z
  _version: 0.10.0/0.41.0/
  what: dimensions-of-terrain
  when: 2025-05-08 09:13:49.698781177 Z
- _id: 2
  _time: 2025-05-08 09:13:49.705434790 Z
  _version: 0.10.0/0.41.0/
  since: 2025-04-10 09:13:49.705579440 Z
  what: quality-of-service
  when: 2025-05-08 09:13:49.705545076 Z
- _id: 3
  _time: 2025-05-08 09:13:49.706835001 Z
  _version: 0.10.0/0.41.0/
  since: 2025-04-10 09:13:49.707022951 Z
  what: quantity-of-deliverables
  when: 2025-05-08 09:13:49.706987465 Z
