---
- added: 8
  cycles: 1
  deleted: 8
  inserted: 8
  seconds: 12.028318611
  version: 0.41.0
  what: judges-summary
  when: 2025-05-21 16:16:21.384726645 Z
- _id: 1
  _time: 2025-05-21 16:16:21.375549934 Z
  _version: 0.10.0/0.41.0/
  since: 2025-04-23 16:16:21.375977314 Z
  what: quantity-of-deliverables
  when: 2025-05-21 16:16:21.375708360 Z
- _id: 2
  _time: 2025-05-21 16:16:21.377088654 Z
  _version: 0.10.0/0.41.0/
  what: dimensions-of-terrain
  when: 2025-05-21 16:16:21.377239727 Z
- _id: 3
  _time: 2025-05-21 16:16:21.378814865 Z
  _version: 0.10.0/0.41.0/
  since: 2025-04-23 16:16:21.378953605 Z
  what: quality-of-service
  when: 2025-05-21 16:16:21.378920603 Z
