---
- added: 8
  cycles: 1
  deleted: 8
  inserted: 8
  seconds: 7.631908143
  version: 0.41.0
  what: judges-summary
  when: 2025-04-30 05:13:17.167285269 Z
- _id: 1
  _time: 2025-04-30 05:13:16.829095383 Z
  _version: 0.10.0/0.41.0/
  what: dimensions-of-terrain
  when: 2025-04-30 05:13:16.829240072 Z
- _id: 2
  _time: 2025-04-30 05:13:16.831524776 Z
  _version: 0.10.0/0.41.0/
  since: 2025-04-02 05:13:16.831661240 Z
  what: quality-of-service
  when: 2025-04-30 05:13:16.831626856 Z
- _id: 3
  _time: 2025-04-30 05:13:16.832938248 Z
  _version: 0.10.0/0.41.0/
  since: 2025-04-02 05:13:16.833068120 Z
  what: quantity-of-deliverables
  when: 2025-04-30 05:13:16.833036100 Z
