---
- added: 8
  cycles: 1
  deleted: 8
  inserted: 8
  seconds: 19.356402973
  version: 0.41.0
  what: judges-summary
  when: 2025-05-22 19:10:33.057181590 Z
- _id: 1
  _time: 2025-05-22 19:10:32.707803100 Z
  _version: 0.10.0/0.41.0/
  total_contributors: 89
  what: dimensions-of-terrain
  when: 2025-05-22 19:10:14.031696799 Z
- _id: 2
  _time: 2025-05-22 19:10:33.054810715 Z
  _version: 0.10.0/0.41.0/
  since: 2025-04-24 19:10:33.055001300 Z
  what: quantity-of-deliverables
  when: 2025-05-22 19:10:33.054966666 Z
- _id: 3
  _time: 2025-05-22 19:10:33.056219725 Z
  _version: 0.10.0/0.41.0/
  since: 2025-04-24 19:10:33.056348726 Z
  what: quality-of-service
  when: 2025-05-22 19:10:33.056316456 Z
