---
- added: 8
  cycles: 1
  deleted: 8
  inserted: 8
  seconds: 7.768827649
  version: 0.41.0
  what: judges-summary
  when: 2025-05-22 02:43:21.936480904 Z
- _id: 1
  _time: 2025-05-22 02:43:21.923722391 Z
  _version: 0.10.0/0.41.0/
  what: dimensions-of-terrain
  when: 2025-05-22 02:43:21.923909744 Z
- _id: 2
  _time: 2025-05-22 02:43:21.927062186 Z
  _version: 0.10.0/0.41.0/
  since: 2025-04-24 02:43:21.927756342 Z
  what: quantity-of-deliverables
  when: 2025-05-22 02:43:21.927691199 Z
- _id: 3
  _time: 2025-05-22 02:43:21.929133924 Z
  _version: 0.10.0/0.41.0/
  since: 2025-04-24 02:43:21.929270651 Z
  what: quality-of-service
  when: 2025-05-22 02:43:21.929237850 Z
