---
- added: 8
  cycles: 1
  deleted: 8
  inserted: 8
  seconds: 6.984892706
  version: 0.41.0
  what: judges-summary
  when: 2025-05-19 04:21:24.374497610 Z
- _id: 1
  _time: 2025-05-19 04:21:24.363284670 Z
  _version: 0.10.0/0.41.0/
  what: dimensions-of-terrain
  when: 2025-05-19 04:21:24.363427148 Z
- _id: 2
  _time: 2025-05-19 04:21:24.370207755 Z
  _version: 0.10.0/0.41.0/
  since: 2025-04-21 04:21:24.370344843 Z
  what: quality-of-service
  when: 2025-05-19 04:21:24.370311590 Z
- _id: 3
  _time: 2025-05-19 04:21:24.372518269 Z
  _version: 0.10.0/0.41.0/
  since: 2025-04-21 04:21:24.372690823 Z
  what: quantity-of-deliverables
  when: 2025-05-19 04:21:24.372658112 Z
