---
- added: 8
  cycles: 1
  deleted: 8
  inserted: 8
  seconds: 8.312158535
  version: 0.41.0
  what: judges-summary
  when: 2025-04-29 12:24:57.560335474 Z
- _id: 1
  _time: 2025-04-29 12:24:57.552719363 Z
  _version: 0.10.0/0.41.0/
  since: 2025-04-01 12:24:57.553211431 Z
  what: quality-of-service
  when: 2025-04-29 12:24:57.553146518 Z
- _id: 2
  _time: 2025-04-29 12:24:57.558078788 Z
  _version: 0.10.0/0.41.0/
  since: 2025-04-01 12:24:57.558254132 Z
  what: quantity-of-deliverables
  when: 2025-04-29 12:24:57.558215198 Z
- _id: 3
  _time: 2025-04-29 12:24:57.559376604 Z
  _version: 0.10.0/0.41.0/
  what: dimensions-of-terrain
  when: 2025-04-29 12:24:57.559482847 Z
