---
- added: 8
  cycles: 1
  deleted: 8
  inserted: 8
  seconds: 12.563962782
  version: 0.41.0
  what: judges-summary
  when: 2025-05-04 23:11:55.074964630 Z
- _id: 1
  _time: 2025-05-04 23:11:54.693358893 Z
  _version: 0.10.0/0.41.0/
  total_releases: 598
  what: dimensions-of-terrain
  when: 2025-05-04 23:11:42.840829605 Z
- _id: 2
  _time: 2025-05-04 23:11:54.696186982 Z
  _version: 0.10.0/0.41.0/
  since: 2025-04-06 23:11:54.696328827 Z
  what: quality-of-service
  when: 2025-05-04 23:11:54.696294152 Z
- _id: 3
  _time: 2025-05-04 23:11:55.073842378 Z
  _version: 0.10.0/0.41.0/
  since: 2025-04-06 23:11:55.074054876 Z
  what: quantity-of-deliverables
  when: 2025-05-04 23:11:55.074017757 Z
