---
- added: 8
  cycles: 1
  deleted: 8
  inserted: 8
  seconds: 12.700162818
  version: 0.41.0
  what: judges-summary
  when: 2025-05-14 19:10:35.054637296 Z
- _id: 1
  _time: 2025-05-14 19:10:35.042006814 Z
  _version: 0.10.0/0.41.0/
  what: dimensions-of-terrain
  when: 2025-05-14 19:10:35.042176591 Z
- _id: 2
  _time: 2025-05-14 19:10:35.044380584 Z
  _version: 0.10.0/0.41.0/
  since: 2025-04-16 19:10:35.044518652 Z
  what: quality-of-service
  when: 2025-05-14 19:10:35.044485510 Z
- _id: 3
  _time: 2025-05-14 19:10:35.052917458 Z
  _version: 0.10.0/0.41.0/
  since: 2025-04-16 19:10:35.053049885 Z
  what: quantity-of-deliverables
  when: 2025-05-14 19:10:35.053018035 Z
