---
- added: 8
  cycles: 1
  deleted: 8
  inserted: 8
  seconds: 7.208245752
  version: 0.41.0
  what: judges-summary
  when: 2025-05-10 16:13:57.884644164 Z
- _id: 1
  _time: 2025-05-10 16:13:57.552849346 Z
  _version: 0.10.0/0.41.0/
  since: 2025-04-12 16:13:57.553055421 Z
  what: quantity-of-deliverables
  when: 2025-05-10 16:13:57.553017961 Z
- _id: 2
  _time: 2025-05-10 16:13:57.882466841 Z
  _version: 0.10.0/0.41.0/
  since: 2025-04-12 16:13:57.882627521 Z
  what: quality-of-service
  when: 2025-05-10 16:13:57.882594369 Z
- _id: 3
  _time: 2025-05-10 16:13:57.883687148 Z
  _version: 0.10.0/0.41.0/
  what: dimensions-of-terrain
  when: 2025-05-10 16:13:57.883785883 Z
