---
- added: 8
  cycles: 1
  deleted: 8
  inserted: 8
  seconds: 8.386832213
  version: 0.41.0
  what: judges-summary
  when: 2025-04-29 11:11:12.224198819 Z
- _id: 1
  _time: 2025-04-29 11:11:11.874278594 Z
  _version: 0.10.0/0.41.0/
  since: 2025-04-01 11:11:11.874488476 Z
  what: quality-of-service
  when: 2025-04-29 11:11:11.874448831 Z
- _id: 2
  _time: 2025-04-29 11:11:12.217156513 Z
  _version: 0.10.0/0.41.0/
  since: 2025-04-01 11:11:12.217327863 Z
  what: quantity-of-deliverables
  when: 2025-04-29 11:11:12.217292437 Z
- _id: 3
  _time: 2025-04-29 11:11:12.222223865 Z
  _version: 0.10.0/0.41.0/
  what: dimensions-of-terrain
  when: 2025-04-29 11:11:12.222337326 Z
