---
- added: 8
  cycles: 1
  deleted: 8
  inserted: 8
  seconds: 15.1442847
  version: 0.41.0
  what: judges-summary
  when: 2025-05-22 15:13:57.230278734 Z
- _id: 1
  _time: 2025-05-22 15:13:56.868746823 Z
  _version: 0.10.0/0.41.0/
  average_release_interval: 525094.75
  since: 2025-04-24 15:13:42.437629515 Z
  what: quality-of-service
  when: 2025-05-22 15:13:42.437593748 Z
- _id: 2
  _time: 2025-05-22 15:13:56.875517394 Z
  _version: 0.10.0/0.41.0/
  since: 2025-04-24 15:13:56.875665751 Z
  what: quantity-of-deliverables
  when: 2025-05-22 15:13:56.875632148 Z
- _id: 3
  _time: 2025-05-22 15:13:56.878454491 Z
  _version: 0.10.0/0.41.0/
  what: dimensions-of-terrain
  when: 2025-05-22 15:13:56.878633105 Z
