---
- added: 8
  cycles: 1
  deleted: 8
  inserted: 8
  seconds: 7.134679933
  version: 0.41.0
  what: judges-summary
  when: 2025-05-02 20:14:06.544288899 Z
- _id: 1
  _time: 2025-05-02 20:14:06.537451567 Z
  _version: 0.10.0/0.41.0/
  since: 2025-04-04 20:14:06.537638596 Z
  what: quantity-of-deliverables
  when: 2025-05-02 20:14:06.537600585 Z
- _id: 2
  _time: 2025-05-02 20:14:06.540555472 Z
  _version: 0.10.0/0.41.0/
  since: 2025-04-04 20:14:06.540792626 Z
  what: quality-of-service
  when: 2025-05-02 20:14:06.540732563 Z
- _id: 3
  _time: 2025-05-02 20:14:06.542180971 Z
  _version: 0.10.0/0.41.0/
  what: dimensions-of-terrain
  when: 2025-05-02 20:14:06.542328226 Z
