---
- added: 8
  cycles: 1
  deleted: 8
  error: 'Judge quality-of-service stopped by timeout after 3m0s: execution expired'
  inserted: 8
  seconds: 180.352177449
  version: 0.41.0
  what: judges-summary
  when: 2025-04-30 14:15:38.711573529 Z
- _id: 1
  _time: 2025-04-30 14:12:38.681534370 Z
  _version: 0.10.0/0.41.0/
  since: 2025-04-02 14:12:38.681835373 Z
  what: quality-of-service
  when: 2025-04-30 14:12:38.681773819 Z
- _id: 2
  _time: 2025-04-30 14:15:38.368377284 Z
  _version: 0.10.0/0.41.0/
  since: 2025-04-02 14:15:38.368530239 Z
  what: quantity-of-deliverables
  when: 2025-04-30 14:15:38.368497318 Z
- _id: 3
  _time: 2025-04-30 14:15:38.710549890 Z
  _version: 0.10.0/0.41.0/
  what: dimensions-of-terrain
  when: 2025-04-30 14:15:38.710668091 Z
