---
- added: 8
  cycles: 1
  deleted: 8
  inserted: 8
  seconds: 6.771932373
  version: 0.41.0
  what: judges-summary
  when: 2025-05-04 08:14:50.870086284 Z
- _id: 1
  _time: 2025-05-04 08:14:50.859050616 Z
  _version: 0.10.0/0.41.0/
  what: dimensions-of-terrain
  when: 2025-05-04 08:14:50.859245501 Z
- _id: 2
  _time: 2025-05-04 08:14:50.866497705 Z
  _version: 0.10.0/0.41.0/
  since: 2025-04-06 08:14:50.866730210 Z
  what: quantity-of-deliverables
  when: 2025-05-04 08:14:50.866672852 Z
- _id: 3
  _time: 2025-05-04 08:14:50.869044425 Z
  _version: 0.10.0/0.41.0/
  since: 2025-04-06 08:14:50.869223861 Z
  what: quality-of-service
  when: 2025-05-04 08:14:50.869188975 Z
