---
- added: 8
  cycles: 1
  deleted: 8
  inserted: 8
  seconds: 7.874356325
  version: 0.41.0
  what: judges-summary
  when: 2025-05-21 09:14:17.548426919 Z
- _id: 1
  _time: 2025-05-21 09:14:17.539412651 Z
  _version: 0.10.0/0.41.0/
  what: dimensions-of-terrain
  when: 2025-05-21 09:14:17.539572648 Z
- _id: 2
  _time: 2025-05-21 09:14:17.544662447 Z
  _version: 0.10.0/0.41.0/
  since: 2025-04-23 09:14:17.544806795 Z
  what: quantity-of-deliverables
  when: 2025-05-21 09:14:17.544773474 Z
- _id: 3
  _time: 2025-05-21 09:14:17.546495894 Z
  _version: 0.10.0/0.41.0/
  since: 2025-04-23 09:14:17.546674275 Z
  what: quality-of-service
  when: 2025-05-21 09:14:17.546622268 Z
