---
- added: 8
  cycles: 1
  deleted: 8
  inserted: 8
  seconds: 9.765761994
  version: 0.41.0
  what: judges-summary
  when: 2025-05-06 03:35:54.425441656 Z
- _id: 1
  _time: 2025-05-06 03:35:54.412348449 Z
  _version: 0.10.0/0.41.0/
  since: 2025-04-08 03:35:54.412536140 Z
  what: quantity-of-deliverables
  when: 2025-05-06 03:35:54.412498439 Z
- _id: 2
  _time: 2025-05-06 03:35:54.414759616 Z
  _version: 0.10.0/0.41.0/
  what: dimensions-of-terrain
  when: 2025-05-06 03:35:54.414864973 Z
- _id: 3
  _time: 2025-05-06 03:35:54.424416645 Z
  _version: 0.10.0/0.41.0/
  since: 2025-04-08 03:35:54.424569330 Z
  what: quality-of-service
  when: 2025-05-06 03:35:54.424534534 Z
