---
- added: 8
  cycles: 1
  deleted: 8
  inserted: 8
  seconds: 8.592505557
  version: 0.41.0
  what: judges-summary
  when: 2025-05-16 18:17:23.996216426 Z
- _id: 1
  _time: 2025-05-16 18:17:23.982771930 Z
  _version: 0.10.0/0.41.0/
  what: dimensions-of-terrain
  when: 2025-05-16 18:17:23.982936165 Z
- _id: 2
  _time: 2025-05-16 18:17:23.989296351 Z
  _version: 0.10.0/0.41.0/
  since: 2025-04-18 18:17:23.989629089 Z
  what: quantity-of-deliverables
  when: 2025-05-16 18:17:23.989413889 Z
- _id: 3
  _time: 2025-05-16 18:17:23.991835500 Z
  _version: 0.10.0/0.41.0/
  since: 2025-04-18 18:17:23.991984146 Z
  what: quality-of-service
  when: 2025-05-16 18:17:23.991951225 Z
