---
- added: 8
  cycles: 1
  deleted: 8
  inserted: 8
  seconds: 13.607975716
  version: 0.41.0
  what: judges-summary
  when: 2025-05-15 08:17:44.888784785 Z
- _id: 1
  _time: 2025-05-15 08:17:44.530403939 Z
  _version: 0.10.0/0.41.0/
  total_releases: 601
  what: dimensions-of-terrain
  when: 2025-05-15 08:17:31.603057340 Z
- _id: 2
  _time: 2025-05-15 08:17:44.882422150 Z
  _version: 0.10.0/0.41.0/
  since: 2025-04-17 08:17:44.882613607 Z
  what: quantity-of-deliverables
  when: 2025-05-15 08:17:44.882574063 Z
- _id: 3
  _time: 2025-05-15 08:17:44.885149184 Z
  _version: 0.10.0/0.41.0/
  since: 2025-04-17 08:17:44.885283865 Z
  what: quality-of-service
  when: 2025-05-15 08:17:44.885251745 Z
