---
- added: 8
  cycles: 1
  deleted: 8
  inserted: 8
  seconds: 7.637096599
  version: 0.41.0
  what: judges-summary
  when: 2025-05-01 12:22:39.674919789 Z
- _id: 1
  _time: 2025-05-01 12:22:39.322755321 Z
  _version: 0.10.0/0.41.0/
  what: dimensions-of-terrain
  when: 2025-05-01 12:22:39.322904237 Z
- _id: 2
  _time: 2025-05-01 12:22:39.326391061 Z
  _version: 0.10.0/0.41.0/
  since: 2025-04-03 12:22:39.326532684 Z
  what: quality-of-service
  when: 2025-05-01 12:22:39.326499512 Z
- _id: 3
  _time: 2025-05-01 12:22:39.673807830 Z
  _version: 0.10.0/0.41.0/
  since: 2025-04-03 12:22:39.673985299 Z
  what: quantity-of-deliverables
  when: 2025-05-01 12:22:39.673946747 Z
