---
- added: 8
  cycles: 1
  deleted: 8
  error: 'Judge quantity-of-deliverables stopped by timeout after 3m0s: execution
    expired'
  inserted: 8
  seconds: 180.349718475
  version: 0.41.0
  what: judges-summary
  when: 2025-05-23 19:13:06.650075606 Z
- _id: 1
  _time: 2025-05-23 19:10:06.627373672 Z
  _version: 0.10.0/0.41.0/
  since: 2025-04-25 19:10:06.627635691 Z
  what: quantity-of-deliverables
  when: 2025-05-23 19:10:06.627596097 Z
- _id: 2
  _time: 2025-05-23 19:13:06.311037453 Z
  _version: 0.10.0/0.41.0/
  since: 2025-04-25 19:13:06.311244269 Z
  what: quality-of-service
  when: 2025-05-23 19:13:06.311160062 Z
- _id: 3
  _time: 2025-05-23 19:13:06.312392102 Z
  _version: 0.10.0/0.41.0/
  what: dimensions-of-terrain
  when: 2025-05-23 19:13:06.312491537 Z
