---
- added: 8
  cycles: 1
  deleted: 8
  error: 'key not found: "data"'
  inserted: 8
  seconds: 10.211398278
  version: 0.41.0
  what: judges-summary
  when: 2025-05-18 20:13:41.863943905 Z
- _id: 1
  _time: 2025-05-18 20:13:41.217032044 Z
  _version: 0.10.0/0.41.0/
  total_forks: 324
  total_stars: 1599
  what: dimensions-of-terrain
  when: 2025-05-18 20:13:31.988852571 Z
- _id: 2
  _time: 2025-05-18 20:13:41.856869360 Z
  _version: 0.10.0/0.41.0/
  since: 2025-04-20 20:13:41.857128854 Z
  what: quantity-of-deliverables
  when: 2025-05-18 20:13:41.857073460 Z
- _id: 3
  _time: 2025-05-18 20:13:41.861461559 Z
  _version: 0.10.0/0.41.0/
  since: 2025-04-20 20:13:41.861627688 Z
  what: quality-of-service
  when: 2025-05-18 20:13:41.861591050 Z
