---
- added: 8
  cycles: 1
  deleted: 8
  inserted: 8
  seconds: 7.554816438
  version: 0.41.0
  what: judges-summary
  when: 2025-05-10 18:15:05.726276035 Z
- _id: 1
  _time: 2025-05-10 18:15:05.713967198 Z
  _version: 0.10.0/0.41.0/
  what: dimensions-of-terrain
  when: 2025-05-10 18:15:05.714114243 Z
- _id: 2
  _time: 2025-05-10 18:15:05.722914925 Z
  _version: 0.10.0/0.41.0/
  since: 2025-04-12 18:15:05.723052833 Z
  what: quality-of-service
  when: 2025-05-10 18:15:05.723019530 Z
- _id: 3
  _time: 2025-05-10 18:15:05.725318919 Z
  _version: 0.10.0/0.41.0/
  since: 2025-04-12 18:15:05.725452468 Z
  what: quantity-of-deliverables
  when: 2025-05-10 18:15:05.725420869 Z
