---
- added: 8
  cycles: 1
  deleted: 8
  inserted: 8
  seconds: 16.560519115
  version: 0.41.0
  what: judges-summary
  when: 2025-05-14 06:18:27.352586295 Z
- _id: 1
  _time: 2025-05-14 06:18:27.001829716 Z
  _version: 0.10.0/0.41.0/
  since: 2025-04-16 06:18:11.118402617 Z
  total_issues_created: 221
  total_pulls_submitted: 102
  what: quantity-of-deliverables
  when: 2025-05-14 06:18:11.118362151 Z
- _id: 2
  _time: 2025-05-14 06:18:27.348117037 Z
  _version: 0.10.0/0.41.0/
  what: dimensions-of-terrain
  when: 2025-05-14 06:18:27.348280502 Z
- _id: 3
  _time: 2025-05-14 06:18:27.351607189 Z
  _version: 0.10.0/0.41.0/
  since: 2025-04-16 06:18:27.351754023 Z
  what: quality-of-service
  when: 2025-05-14 06:18:27.351717725 Z
