---
- added: 8
  cycles: 1
  deleted: 8
  inserted: 8
  seconds: 8.320031737
  version: 0.41.0
  what: judges-summary
  when: 2025-05-20 16:15:53.066006100 Z
- _id: 1
  _time: 2025-05-20 16:15:52.665415063 Z
  _version: 0.10.0/0.41.0/
  since: 2025-04-22 16:15:52.665630586 Z
  what: quality-of-service
  when: 2025-05-20 16:15:52.665587977 Z
- _id: 2
  _time: 2025-05-20 16:15:52.669228022 Z
  _version: 0.10.0/0.41.0/
  what: dimensions-of-terrain
  when: 2025-05-20 16:15:52.669346103 Z
- _id: 3
  _time: 2025-05-20 16:15:52.675003923 Z
  _version: 0.10.0/0.41.0/
  since: 2025-04-22 16:15:52.675159103 Z
  what: quantity-of-deliverables
  when: 2025-05-20 16:15:52.675120992 Z
