---
- added: 8
  cycles: 1
  deleted: 8
  inserted: 8
  seconds: 10.479887992
  version: 0.41.0
  what: judges-summary
  when: 2025-05-19 08:19:24.488835155 Z
- _id: 1
  _time: 2025-05-19 08:19:24.478898084 Z
  _version: 0.10.0/0.41.0/
  since: 2025-04-21 08:19:24.479078602 Z
  what: quality-of-service
  when: 2025-05-19 08:19:24.479041713 Z
- _id: 2
  _time: 2025-05-19 08:19:24.483568627 Z
  _version: 0.10.0/0.41.0/
  what: dimensions-of-terrain
  when: 2025-05-19 08:19:24.484189558 Z
- _id: 3
  _time: 2025-05-19 08:19:24.485593981 Z
  _version: 0.10.0/0.41.0/
  since: 2025-04-21 08:19:24.487139271 Z
  what: quantity-of-deliverables
  when: 2025-05-19 08:19:24.487104386 Z
