---
- added: 8
  cycles: 1
  deleted: 8
  inserted: 8
  seconds: 7.162212139
  version: 0.41.0
  what: judges-summary
  when: 2025-05-10 23:11:27.388681135 Z
- _id: 1
  _time: 2025-05-10 23:11:27.054547596 Z
  _version: 0.10.0/0.41.0/
  since: 2025-04-12 23:11:27.054750674 Z
  what: quality-of-service
  when: 2025-05-10 23:11:27.054714066 Z
- _id: 2
  _time: 2025-05-10 23:11:27.061008403 Z
  _version: 0.10.0/0.41.0/
  since: 2025-04-12 23:11:27.061233733 Z
  what: quantity-of-deliverables
  when: 2025-05-10 23:11:27.061172960 Z
- _id: 3
  _time: 2025-05-10 23:11:27.062638808 Z
  _version: 0.10.0/0.41.0/
  what: dimensions-of-terrain
  when: 2025-05-10 23:11:27.062792724 Z
