---
- added: 8
  cycles: 1
  deleted: 8
  inserted: 8
  seconds: 10.065587792
  version: 0.41.0
  what: judges-summary
  when: 2025-05-20 20:14:36.547807448 Z
- _id: 1
  _time: 2025-05-20 20:14:36.216818114 Z
  _version: 0.10.0/0.41.0/
  what: dimensions-of-terrain
  when: 2025-05-20 20:14:36.217122059 Z
- _id: 2
  _time: 2025-05-20 20:14:36.219950266 Z
  _version: 0.10.0/0.41.0/
  since: 2025-04-22 20:14:36.220094274 Z
  what: quality-of-service
  when: 2025-05-20 20:14:36.220059369 Z
- _id: 3
  _time: 2025-05-20 20:14:36.222377457 Z
  _version: 0.10.0/0.41.0/
  since: 2025-04-22 20:14:36.222513570 Z
  what: quantity-of-deliverables
  when: 2025-05-20 20:14:36.222479938 Z
