---
- added: 8
  cycles: 1
  deleted: 8
  inserted: 8
  seconds: 11.285979737
  version: 0.41.0
  what: judges-summary
  when: 2025-05-24 06:16:19.786966900 Z
- _id: 1
  _time: 2025-05-24 06:16:19.774793077 Z
  _version: 0.10.0/0.41.0/
  since: 2025-04-26 06:16:19.774973253 Z
  what: quality-of-service
  when: 2025-05-24 06:16:19.774935693 Z
- _id: 2
  _time: 2025-05-24 06:16:19.784043364 Z
  _version: 0.10.0/0.41.0/
  since: 2025-04-26 06:16:19.784176222 Z
  what: quantity-of-deliverables
  when: 2025-05-24 06:16:19.784144693 Z
- _id: 3
  _time: 2025-05-24 06:16:19.785232593 Z
  _version: 0.10.0/0.41.0/
  what: dimensions-of-terrain
  when: 2025-05-24 06:16:19.785357116 Z
