---
- added: 8
  cycles: 1
  deleted: 8
  inserted: 8
  seconds: 16.722267043
  version: 0.41.0
  what: judges-summary
  when: 2025-05-14 07:13:11.030586408 Z
- _id: 1
  _time: 2025-05-14 07:13:10.686269683 Z
  _version: 0.10.0/0.41.0/
  since: 2025-04-16 07:12:54.639155930 Z
  total_issues_created: 221
  total_pulls_submitted: 102
  what: quantity-of-deliverables
  when: 2025-05-14 07:12:54.639117178 Z
- _id: 2
  _time: 2025-05-14 07:13:10.691566287 Z
  _version: 0.10.0/0.41.0/
  what: dimensions-of-terrain
  when: 2025-05-14 07:13:10.691668968 Z
- _id: 3
  _time: 2025-05-14 07:13:10.694042353 Z
  _version: 0.10.0/0.41.0/
  since: 2025-04-16 07:13:10.694176864 Z
  what: quality-of-service
  when: 2025-05-14 07:13:10.694144664 Z
