---
- added: 8
  cycles: 1
  deleted: 8
  inserted: 8
  seconds: 7.688031309
  version: 0.41.0
  what: judges-summary
  when: 2025-05-09 15:13:14.320010494 Z
- _id: 1
  _time: 2025-05-09 15:13:13.985292771 Z
  _version: 0.10.0/0.41.0/
  since: 2025-04-11 15:13:13.985475473 Z
  what: quantity-of-deliverables
  when: 2025-05-09 15:13:13.985437993 Z
- _id: 2
  _time: 2025-05-09 15:13:14.317536400 Z
  _version: 0.10.0/0.41.0/
  what: dimensions-of-terrain
  when: 2025-05-09 15:13:14.317652368 Z
- _id: 3
  _time: 2025-05-09 15:13:14.319054423 Z
  _version: 0.10.0/0.41.0/
  since: 2025-04-11 15:13:14.319184888 Z
  what: quality-of-service
  when: 2025-05-09 15:13:14.319153108 Z
