---
- added: 8
  cycles: 1
  deleted: 8
  inserted: 8
  seconds: 86.483178818
  version: 0.41.0
  what: judges-summary
  when: 2025-05-11 01:04:39.883209531 Z
- _id: 1
  _time: 2025-05-11 01:04:39.536602111 Z
  _version: 0.10.0/0.41.0/
  what: dimensions-of-terrain
  when: 2025-05-11 01:04:39.536747383 Z
- _id: 2
  _time: 2025-05-11 01:04:39.539842731 Z
  _version: 0.10.0/0.41.0/
  since: 2025-04-13 01:04:39.540074465 Z
  what: quality-of-service
  when: 2025-05-11 01:04:39.540016166 Z
- _id: 3
  _time: 2025-05-11 01:04:39.541715284 Z
  _version: 0.10.0/0.41.0/
  since: 2025-04-13 01:04:39.541850317 Z
  what: quantity-of-deliverables
  when: 2025-05-11 01:04:39.541818177 Z
