---
- added: 8
  cycles: 1
  deleted: 8
  inserted: 8
  seconds: 7.922221244
  version: 0.41.0
  what: judges-summary
  when: 2025-05-16 07:13:09.497979284 Z
- _id: 1
  _time: 2025-05-16 07:13:09.161894011 Z
  _version: 0.10.0/0.41.0/
  what: dimensions-of-terrain
  when: 2025-05-16 07:13:09.162036931 Z
- _id: 2
  _time: 2025-05-16 07:13:09.165148673 Z
  _version: 0.10.0/0.41.0/
  since: 2025-04-18 07:13:09.165284700 Z
  what: quantity-of-deliverables
  when: 2025-05-16 07:13:09.165251697 Z
- _id: 3
  _time: 2025-05-16 07:13:09.495885755 Z
  _version: 0.10.0/0.41.0/
  since: 2025-04-18 07:13:09.496050145 Z
  what: quality-of-service
  when: 2025-05-16 07:13:09.496015149 Z
