---
- added: 8
  cycles: 1
  deleted: 8
  inserted: 8
  seconds: 31.955557359
  version: 0.41.0
  what: judges-summary
  when: 2025-05-05 13:25:04.227454491 Z
- _id: 1
  _time: 2025-05-05 13:25:03.875607826 Z
  _version: 0.10.0/0.41.0/
  since: 2025-04-07 13:24:32.595995873 Z
  total_issues_created: 191
  total_pulls_submitted: 104
  what: quantity-of-deliverables
  when: 2025-05-05 13:24:32.595956118 Z
- _id: 2
  _time: 2025-05-05 13:25:04.223659512 Z
  _version: 0.10.0/0.41.0/
  what: dimensions-of-terrain
  when: 2025-05-05 13:25:04.223786960 Z
- _id: 3
  _time: 2025-05-05 13:25:04.225137874 Z
  _version: 0.10.0/0.41.0/
  since: 2025-04-07 13:25:04.225570753 Z
  what: quality-of-service
  when: 2025-05-05 13:25:04.225536349 Z
