---
- added: 8
  cycles: 1
  deleted: 8
  inserted: 8
  seconds: 7.7708923
  version: 0.41.0
  what: judges-summary
  when: 2025-04-29 21:11:51.336704819 Z
- _id: 1
  _time: 2025-04-29 21:11:50.999181325 Z
  _version: 0.10.0/0.41.0/
  since: 2025-04-01 21:11:50.999363734 Z
  what: quality-of-service
  when: 2025-04-29 21:11:50.999326835 Z
- _id: 2
  _time: 2025-04-29 21:11:51.002568360 Z
  _version: 0.10.0/0.41.0/
  what: dimensions-of-terrain
  when: 2025-04-29 21:11:51.002673275 Z
- _id: 3
  _time: 2025-04-29 21:11:51.335677229 Z
  _version: 0.10.0/0.41.0/
  since: 2025-04-01 21:11:51.335836696 Z
  what: quantity-of-deliverables
  when: 2025-04-29 21:11:51.335802192 Z
