---
- added: 8
  cycles: 1
  deleted: 8
  error: 'Judge quality-of-service stopped by timeout after 3m0s: execution expired'
  inserted: 8
  seconds: 180.702293321
  version: 0.41.0
  what: judges-summary
  when: 2025-05-09 03:40:15.870660127 Z
- _id: 1
  _time: 2025-05-09 03:37:15.502953734 Z
  _version: 0.10.0/0.41.0/
  since: 2025-04-11 03:37:15.503165478 Z
  what: quality-of-service
  when: 2025-05-09 03:37:15.503121436 Z
- _id: 2
  _time: 2025-05-09 03:40:15.864066514 Z
  _version: 0.10.0/0.41.0/
  since: 2025-04-11 03:40:15.864229438 Z
  what: quantity-of-deliverables
  when: 2025-05-09 03:40:15.864195715 Z
- _id: 3
  _time: 2025-05-09 03:40:15.865297469 Z
  _version: 0.10.0/0.41.0/
  what: dimensions-of-terrain
  when: 2025-05-09 03:40:15.865393438 Z
