---
- added: 8
  cycles: 1
  deleted: 8
  inserted: 8
  seconds: 7.577086154
  version: 0.41.0
  what: judges-summary
  when: 2025-05-12 01:01:59.293986856 Z
- _id: 1
  _time: 2025-05-12 01:01:58.938079917 Z
  _version: 0.10.0/0.41.0/
  since: 2025-04-14 01:01:58.938347228 Z
  what: quantity-of-deliverables
  when: 2025-05-12 01:01:58.938225981 Z
- _id: 2
  _time: 2025-05-12 01:01:58.940040228 Z
  _version: 0.10.0/0.41.0/
  what: dimensions-of-terrain
  when: 2025-05-12 01:01:58.940138602 Z
- _id: 3
  _time: 2025-05-12 01:01:59.292932712 Z
  _version: 0.10.0/0.41.0/
  since: 2025-04-14 01:01:59.293099415 Z
  what: quality-of-service
  when: 2025-05-12 01:01:59.293063457 Z
