---
- added: 8
  cycles: 1
  deleted: 8
  inserted: 8
  seconds: 7.540978534
  version: 0.41.0
  what: judges-summary
  when: 2025-05-06 22:12:03.035961907 Z
- _id: 1
  _time: 2025-05-06 22:12:02.691874844 Z
  _version: 0.10.0/0.41.0/
  what: dimensions-of-terrain
  when: 2025-05-06 22:12:02.692020405 Z
- _id: 2
  _time: 2025-05-06 22:12:02.697888336 Z
  _version: 0.10.0/0.41.0/
  since: 2025-04-08 22:12:02.698021605 Z
  what: quantity-of-deliverables
  when: 2025-05-06 22:12:02.697989976 Z
- _id: 3
  _time: 2025-05-06 22:12:03.030424865 Z
  _version: 0.10.0/0.41.0/
  since: 2025-04-08 22:12:03.030588050 Z
  what: quality-of-service
  when: 2025-05-06 22:12:03.030555148 Z
