---
- added: 8
  cycles: 1
  deleted: 8
  inserted: 8
  seconds: 6.663889101
  version: 0.41.0
  what: judges-summary
  when: 2025-05-24 04:14:35.519639244 Z
- _id: 1
  _time: 2025-05-24 04:14:35.508618181 Z
  _version: 0.10.0/0.41.0/
  what: dimensions-of-terrain
  when: 2025-05-24 04:14:35.508946442 Z
- _id: 2
  _time: 2025-05-24 04:14:35.511092939 Z
  _version: 0.10.0/0.41.0/
  since: 2025-04-26 04:14:35.511230896 Z
  what: quality-of-service
  when: 2025-05-24 04:14:35.511196693 Z
- _id: 3
  _time: 2025-05-24 04:14:35.513187119 Z
  _version: 0.10.0/0.41.0/
  since: 2025-04-26 04:14:35.513470076 Z
  what: quantity-of-deliverables
  when: 2025-05-24 04:14:35.513398804 Z
