---
- added: 8
  cycles: 1
  deleted: 8
  inserted: 8
  seconds: 7.341634711
  version: 0.41.0
  what: judges-summary
  when: 2025-05-20 08:18:28.587733105 Z
- _id: 1
  _time: 2025-05-20 08:18:28.254212686 Z
  _version: 0.10.0/0.41.0/
  since: 2025-04-22 08:18:28.254400819 Z
  what: quantity-of-deliverables
  when: 2025-05-20 08:18:28.254362517 Z
- _id: 2
  _time: 2025-05-20 08:18:28.258055410 Z
  _version: 0.10.0/0.41.0/
  what: dimensions-of-terrain
  when: 2025-05-20 08:18:28.258155167 Z
- _id: 3
  _time: 2025-05-20 08:18:28.259464735 Z
  _version: 0.10.0/0.41.0/
  since: 2025-04-22 08:18:28.259599769 Z
  what: quality-of-service
  when: 2025-05-20 08:18:28.259567128 Z
