---
- added: 8
  cycles: 1
  deleted: 8
  inserted: 8
  seconds: 9.521365577
  version: 0.41.0
  what: judges-summary
  when: 2025-05-01 19:10:02.038476983 Z
- _id: 1
  _time: 2025-05-01 19:10:01.687981388 Z
  _version: 0.10.0/0.41.0/
  what: dimensions-of-terrain
  when: 2025-05-01 19:10:01.688127130 Z
- _id: 2
  _time: 2025-05-01 19:10:02.032966152 Z
  _version: 0.10.0/0.41.0/
  since: 2025-04-03 19:10:02.033500420 Z
  what: quality-of-service
  when: 2025-05-01 19:10:02.033458572 Z
- _id: 3
  _time: 2025-05-01 19:10:02.037331063 Z
  _version: 0.10.0/0.41.0/
  since: 2025-04-03 19:10:02.037523443 Z
  what: quantity-of-deliverables
  when: 2025-05-01 19:10:02.037486384 Z
