---
- added: 8
  cycles: 1
  deleted: 8
  error: 'Judge quality-of-service stopped by timeout after 3m0s: execution expired'
  inserted: 8
  seconds: 180.349286821
  version: 0.41.0
  what: judges-summary
  when: 2025-05-12 20:17:37.515151016 Z
- _id: 1
  _time: 2025-05-12 20:14:37.510818924 Z
  _version: 0.10.0/0.41.0/
  since: 2025-04-14 20:14:37.511081843 Z
  what: quality-of-service
  when: 2025-05-12 20:14:37.511041889 Z
- _id: 2
  _time: 2025-05-12 20:17:37.510424912 Z
  _version: 0.10.0/0.41.0/
  what: dimensions-of-terrain
  when: 2025-05-12 20:17:37.510546788 Z
- _id: 3
  _time: 2025-05-12 20:17:37.511948303 Z
  _version: 0.10.0/0.41.0/
  since: 2025-04-14 20:17:37.512080879 Z
  what: quantity-of-deliverables
  when: 2025-05-12 20:17:37.512048840 Z
