---
- added: 8
  cycles: 1
  deleted: 8
  inserted: 8
  seconds: 16.526615633
  version: 0.41.0
  what: judges-summary
  when: 2025-05-17 21:11:10.906649172 Z
- _id: 1
  _time: 2025-05-17 21:11:10.893932871 Z
  _version: 0.10.0/0.41.0/
  since: 2025-04-19 21:11:10.894145169 Z
  what: quality-of-service
  when: 2025-05-17 21:11:10.894095986 Z
- _id: 2
  _time: 2025-05-17 21:11:10.898352149 Z
  _version: 0.10.0/0.41.0/
  since: 2025-04-19 21:11:10.898534932 Z
  what: quantity-of-deliverables
  when: 2025-05-17 21:11:10.898466353 Z
- _id: 3
  _time: 2025-05-17 21:11:10.900075177 Z
  _version: 0.10.0/0.41.0/
  what: dimensions-of-terrain
  when: 2025-05-17 21:11:10.900181737 Z
