---
- added: 8
  cycles: 1
  deleted: 8
  inserted: 8
  seconds: 0.822865171
  version: 0.41.0
  what: judges-summary
  when: 2025-05-07 03:37:04.404232615 Z
- _id: 1
  _time: 2025-05-07 03:37:03.924340932 Z
  _version: 0.10.0/0.41.0/
  since: 2025-04-09 03:37:03.924593239 Z
  what: quality-of-service
  when: 2025-05-07 03:37:03.924552554 Z
- _id: 2
  _time: 2025-05-07 03:37:04.394354700 Z
  _version: 0.10.0/0.41.0/
  since: 2025-04-09 03:37:04.394524644 Z
  what: quantity-of-deliverables
  when: 2025-05-07 03:37:04.394488978 Z
- _id: 3
  _time: 2025-05-07 03:37:04.403080702 Z
  _version: 0.10.0/0.41.0/
  what: dimensions-of-terrain
  when: 2025-05-07 03:37:04.403231791 Z
