---
- added: 8
  cycles: 1
  deleted: 8
  inserted: 8
  seconds: 7.38971384
  version: 0.41.0
  what: judges-summary
  when: 2025-05-17 23:11:39.932732000 Z
- _id: 1
  _time: 2025-05-17 23:11:39.928237198 Z
  _version: 0.10.0/0.41.0/
  since: 2025-04-19 23:11:39.928468992 Z
  what: quantity-of-deliverables
  when: 2025-05-17 23:11:39.928420170 Z
- _id: 2
  _time: 2025-05-17 23:11:39.929754508 Z
  _version: 0.10.0/0.41.0/
  since: 2025-04-19 23:11:39.929891644 Z
  what: quality-of-service
  when: 2025-05-17 23:11:39.929857821 Z
- _id: 3
  _time: 2025-05-17 23:11:39.930989336 Z
  _version: 0.10.0/0.41.0/
  what: dimensions-of-terrain
  when: 2025-05-17 23:11:39.931092479 Z
