---
- added: 8
  cycles: 1
  deleted: 8
  inserted: 8
  seconds: 7.562758223
  version: 0.41.0
  what: judges-summary
  when: 2025-05-21 21:11:48.791632186 Z
- _id: 1
  _time: 2025-05-21 21:11:48.779816079 Z
  _version: 0.10.0/0.41.0/
  since: 2025-04-23 21:11:48.779997906 Z
  what: quality-of-service
  when: 2025-05-21 21:11:48.779960467 Z
- _id: 2
  _time: 2025-05-21 21:11:48.784766173 Z
  _version: 0.10.0/0.41.0/
  what: dimensions-of-terrain
  when: 2025-05-21 21:11:48.784868884 Z
- _id: 3
  _time: 2025-05-21 21:11:48.789784103 Z
  _version: 0.10.0/0.41.0/
  since: 2025-04-23 21:11:48.789917340 Z
  what: quantity-of-deliverables
  when: 2025-05-21 21:11:48.789885050 Z
