---
- added: 8
  cycles: 1
  deleted: 8
  inserted: 8
  seconds: 8.230820159
  version: 0.41.0
  what: judges-summary
  when: 2025-05-20 12:25:20.349546368 Z
- _id: 1
  _time: 2025-05-20 12:25:19.990293871 Z
  _version: 0.10.0/0.41.0/
  since: 2025-04-22 12:25:19.990480979 Z
  what: quality-of-service
  when: 2025-05-20 12:25:19.990445062 Z
- _id: 2
  _time: 2025-05-20 12:25:19.991910224 Z
  _version: 0.10.0/0.41.0/
  what: dimensions-of-terrain
  when: 2025-05-20 12:25:19.992120996 Z
- _id: 3
  _time: 2025-05-20 12:25:19.993872814 Z
  _version: 0.10.0/0.41.0/
  since: 2025-04-22 12:25:19.994107310 Z
  what: quantity-of-deliverables
  when: 2025-05-20 12:25:19.994047739 Z
