---
- added: 8
  cycles: 1
  deleted: 8
  inserted: 8
  seconds: 7.040452753
  version: 0.41.0
  what: judges-summary
  when: 2025-05-04 10:12:15.942779695 Z
- _id: 1
  _time: 2025-05-04 10:12:15.610150327 Z
  _version: 0.10.0/0.41.0/
  since: 2025-04-06 10:12:15.610382421 Z
  what: quantity-of-deliverables
  when: 2025-05-04 10:12:15.610339351 Z
- _id: 2
  _time: 2025-05-04 10:12:15.611487900 Z
  _version: 0.10.0/0.41.0/
  what: dimensions-of-terrain
  when: 2025-05-04 10:12:15.611589050 Z
- _id: 3
  _time: 2025-05-04 10:12:15.937270064 Z
  _version: 0.10.0/0.41.0/
  since: 2025-04-06 10:12:15.937434372 Z
  what: quality-of-service
  when: 2025-05-04 10:12:15.937400859 Z
