---
- added: 8
  cycles: 1
  deleted: 8
  inserted: 8
  seconds: 7.409280832
  version: 0.41.0
  what: judges-summary
  when: 2025-05-02 19:10:47.228597348 Z
- _id: 1
  _time: 2025-05-02 19:10:47.220880592 Z
  _version: 0.10.0/0.41.0/
  since: 2025-04-04 19:10:47.221071679 Z
  what: quantity-of-deliverables
  when: 2025-05-02 19:10:47.221032306 Z
- _id: 2
  _time: 2025-05-02 19:10:47.225077660 Z
  _version: 0.10.0/0.41.0/
  what: dimensions-of-terrain
  when: 2025-05-02 19:10:47.225182938 Z
- _id: 3
  _time: 2025-05-02 19:10:47.226446543 Z
  _version: 0.10.0/0.41.0/
  since: 2025-04-04 19:10:47.226610441 Z
  what: quality-of-service
  when: 2025-05-02 19:10:47.226547723 Z
