---
- added: 8
  cycles: 1
  deleted: 8
  inserted: 8
  seconds: 8.813938974
  version: 0.41.0
  what: judges-summary
  when: 2025-05-07 15:14:12.750391343 Z
- _id: 1
  _time: 2025-05-07 15:14:12.741817599 Z
  _version: 0.10.0/0.41.0/
  since: 2025-04-09 15:14:12.741998677 Z
  what: quantity-of-deliverables
  when: 2025-05-07 15:14:12.741961037 Z
- _id: 2
  _time: 2025-05-07 15:14:12.748009678 Z
  _version: 0.10.0/0.41.0/
  since: 2025-04-09 15:14:12.748151172 Z
  what: quality-of-service
  when: 2025-05-07 15:14:12.748118070 Z
- _id: 3
  _time: 2025-05-07 15:14:12.749388902 Z
  _version: 0.10.0/0.41.0/
  what: dimensions-of-terrain
  when: 2025-05-07 15:14:12.749498577 Z
