---
- added: 8
  cycles: 1
  deleted: 8
  inserted: 8
  seconds: 18.924426202
  version: 0.41.0
  what: judges-summary
  when: 2025-05-15 10:14:27.893199933 Z
- _id: 1
  _time: 2025-05-15 10:14:27.534202430 Z
  _version: 0.10.0/0.41.0/
  total_releases: 601
  what: dimensions-of-terrain
  when: 2025-05-15 10:14:09.289345626 Z
- _id: 2
  _time: 2025-05-15 10:14:27.549891605 Z
  _version: 0.10.0/0.41.0/
  since: 2025-04-17 10:14:27.550133315 Z
  what: quantity-of-deliverables
  when: 2025-05-15 10:14:27.550069216 Z
- _id: 3
  _time: 2025-05-15 10:14:27.892203710 Z
  _version: 0.10.0/0.41.0/
  since: 2025-04-17 10:14:27.892361674 Z
  what: quality-of-service
  when: 2025-05-15 10:14:27.892327140 Z
