---
- added: 8
  cycles: 1
  deleted: 8
  inserted: 8
  seconds: 7.406652459
  version: 0.41.0
  what: judges-summary
  when: 2025-05-10 22:10:53.781911879 Z
- _id: 1
  _time: 2025-05-10 22:10:53.771756522 Z
  _version: 0.10.0/0.41.0/
  since: 2025-04-12 22:10:53.771939685 Z
  what: quality-of-service
  when: 2025-05-10 22:10:53.771903087 Z
- _id: 2
  _time: 2025-05-10 22:10:53.775151102 Z
  _version: 0.10.0/0.41.0/
  since: 2025-04-12 22:10:53.775448288 Z
  what: quantity-of-deliverables
  when: 2025-05-10 22:10:53.775358871 Z
- _id: 3
  _time: 2025-05-10 22:10:53.779165569 Z
  _version: 0.10.0/0.41.0/
  what: dimensions-of-terrain
  when: 2025-05-10 22:10:53.779271056 Z
