---
- added: 8
  cycles: 1
  deleted: 8
  inserted: 8
  seconds: 7.521620741
  version: 0.41.0
  what: judges-summary
  when: 2025-05-12 18:17:34.724732295 Z
- _id: 1
  _time: 2025-05-12 18:17:34.384215361 Z
  _version: 0.10.0/0.41.0/
  what: dimensions-of-terrain
  when: 2025-05-12 18:17:34.384380209 Z
- _id: 2
  _time: 2025-05-12 18:17:34.386569876 Z
  _version: 0.10.0/0.41.0/
  since: 2025-04-14 18:17:34.386703156 Z
  what: quantity-of-deliverables
  when: 2025-05-12 18:17:34.386669643 Z
- _id: 3
  _time: 2025-05-12 18:17:34.388048202 Z
  _version: 0.10.0/0.41.0/
  since: 2025-04-14 18:17:34.388179067 Z
  what: quality-of-service
  when: 2025-05-12 18:17:34.388146406 Z
