---
- added: 8
  cycles: 1
  deleted: 8
  inserted: 8
  seconds: 7.406927097
  version: 0.41.0
  what: judges-summary
  when: 2025-05-24 00:57:38.563352143 Z
- _id: 1
  _time: 2025-05-24 00:57:38.557111131 Z
  _version: 0.10.0/0.41.0/
  since: 2025-04-26 00:57:38.557293169 Z
  what: quality-of-service
  when: 2025-05-24 00:57:38.557256691 Z
- _id: 2
  _time: 2025-05-24 00:57:38.560280397 Z
  _version: 0.10.0/0.41.0/
  what: dimensions-of-terrain
  when: 2025-05-24 00:57:38.560386365 Z
- _id: 3
  _time: 2025-05-24 00:57:38.561678679 Z
  _version: 0.10.0/0.41.0/
  since: 2025-04-26 00:57:38.561842074 Z
  what: quantity-of-deliverables
  when: 2025-05-24 00:57:38.561802109 Z
