---
- added: 8
  cycles: 1
  deleted: 8
  inserted: 8
  seconds: 9.610461855
  version: 0.41.0
  what: judges-summary
  when: 2025-05-13 21:12:10.681513473 Z
- _id: 1
  _time: 2025-05-13 21:12:10.669066644 Z
  _version: 0.10.0/0.41.0/
  since: 2025-04-15 21:12:10.669259425 Z
  what: quality-of-service
  when: 2025-05-13 21:12:10.669219460 Z
- _id: 2
  _time: 2025-05-13 21:12:10.673406201 Z
  _version: 0.10.0/0.41.0/
  what: dimensions-of-terrain
  when: 2025-05-13 21:12:10.673511769 Z
- _id: 3
  _time: 2025-05-13 21:12:10.676345531 Z
  _version: 0.10.0/0.41.0/
  since: 2025-04-15 21:12:10.676484080 Z
  what: quantity-of-deliverables
  when: 2025-05-13 21:12:10.676450658 Z
