---
- added: 8
  cycles: 1
  deleted: 8
  inserted: 8
  seconds: 7.924413694
  version: 0.41.0
  what: judges-summary
  when: 2025-05-10 20:12:44.724855934 Z
- _id: 1
  _time: 2025-05-10 20:12:44.385274590 Z
  _version: 0.10.0/0.41.0/
  since: 2025-04-12 20:12:44.385482238 Z
  what: quantity-of-deliverables
  when: 2025-05-10 20:12:44.385443806 Z
- _id: 2
  _time: 2025-05-10 20:12:44.389173377 Z
  _version: 0.10.0/0.41.0/
  what: dimensions-of-terrain
  when: 2025-05-10 20:12:44.389272742 Z
- _id: 3
  _time: 2025-05-10 20:12:44.723862451 Z
  _version: 0.10.0/0.41.0/
  since: 2025-04-12 20:12:44.724015777 Z
  what: quality-of-service
  when: 2025-05-10 20:12:44.723981883 Z
