---
- added: 8
  cycles: 1
  deleted: 8
  error: 'Judge quality-of-service stopped by timeout after 3m0s: execution expired'
  inserted: 8
  seconds: 180.363467675
  version: 0.41.0
  what: judges-summary
  when: 2025-05-17 03:37:49.272225388 Z
- _id: 1
  _time: 2025-05-17 03:34:49.233595436 Z
  _version: 0.10.0/0.41.0/
  since: 2025-04-19 03:34:49.233850572 Z
  what: quality-of-service
  when: 2025-05-17 03:34:49.233809264 Z
- _id: 2
  _time: 2025-05-17 03:37:48.912713283 Z
  _version: 0.10.0/0.41.0/
  what: dimensions-of-terrain
  when: 2025-05-17 03:37:48.912842744 Z
- _id: 3
  _time: 2025-05-17 03:37:48.927001436 Z
  _version: 0.10.0/0.41.0/
  since: 2025-04-19 03:37:48.927154261 Z
  what: quantity-of-deliverables
  when: 2025-05-17 03:37:48.927119265 Z
