---
- added: 8
  cycles: 1
  deleted: 8
  inserted: 8
  seconds: 7.855959714
  version: 0.41.0
  what: judges-summary
  when: 2025-05-06 21:11:51.886622374 Z
- _id: 1
  _time: 2025-05-06 21:11:51.876843820 Z
  _version: 0.10.0/0.41.0/
  since: 2025-04-08 21:11:51.877027714 Z
  what: quality-of-service
  when: 2025-05-06 21:11:51.876990464 Z
- _id: 2
  _time: 2025-05-06 21:11:51.879813813 Z
  _version: 0.10.0/0.41.0/
  since: 2025-04-08 21:11:51.879948826 Z
  what: quantity-of-deliverables
  when: 2025-05-06 21:11:51.879916405 Z
- _id: 3
  _time: 2025-05-06 21:11:51.883912139 Z
  _version: 0.10.0/0.41.0/
  what: dimensions-of-terrain
  when: 2025-05-06 21:11:51.884016804 Z
