---
- added: 8
  cycles: 1
  deleted: 8
  inserted: 8
  seconds: 14.886295748
  version: 0.41.0
  what: judges-summary
  when: 2025-05-23 18:16:28.616307102 Z
- _id: 1
  _time: 2025-05-23 18:16:28.239043952 Z
  _version: 0.10.0/0.41.0/
  total_releases: 602
  what: dimensions-of-terrain
  when: 2025-05-23 18:16:14.048796572 Z
- _id: 2
  _time: 2025-05-23 18:16:28.608280861 Z
  _version: 0.10.0/0.41.0/
  since: 2025-04-25 18:16:28.608438136 Z
  what: quantity-of-deliverables
  when: 2025-05-23 18:16:28.608404132 Z
- _id: 3
  _time: 2025-05-23 18:16:28.613613582 Z
  _version: 0.10.0/0.41.0/
  since: 2025-04-25 18:16:28.613751781 Z
  what: quality-of-service
  when: 2025-05-23 18:16:28.613717647 Z
