---
- added: 8
  cycles: 1
  deleted: 8
  inserted: 8
  seconds: 14.652036775
  version: 0.41.0
  what: judges-summary
  when: 2025-05-17 02:37:06.418198495 Z
- _id: 1
  _time: 2025-05-17 02:37:06.035510925 Z
  _version: 0.10.0/0.41.0/
  average_release_commits_size: 95.5
  average_release_hoc_size: 2193.5
  since: 2025-04-19 02:36:52.104092779 Z
  what: quality-of-service
  when: 2025-05-17 02:36:52.104057794 Z
- _id: 2
  _time: 2025-05-17 02:37:06.037446959 Z
  _version: 0.10.0/0.41.0/
  since: 2025-04-19 02:37:06.037672109 Z
  what: quantity-of-deliverables
  when: 2025-05-17 02:37:06.037548709 Z
- _id: 3
  _time: 2025-05-17 02:37:06.040962333 Z
  _version: 0.10.0/0.41.0/
  what: dimensions-of-terrain
  when: 2025-05-17 02:37:06.041060866 Z
