---
- added: 8
  cycles: 1
  deleted: 8
  inserted: 8
  seconds: 9.604961604
  version: 0.41.0
  what: judges-summary
  when: 2025-05-04 17:10:21.397944679 Z
- _id: 1
  _time: 2025-05-04 17:10:21.054028008 Z
  _version: 0.10.0/0.41.0/
  what: dimensions-of-terrain
  when: 2025-05-04 17:10:21.054185935 Z
- _id: 2
  _time: 2025-05-04 17:10:21.057327534 Z
  _version: 0.10.0/0.41.0/
  since: 2025-04-06 17:10:21.057485802 Z
  what: quantity-of-deliverables
  when: 2025-05-04 17:10:21.057451177 Z
- _id: 3
  _time: 2025-05-04 17:10:21.392592272 Z
  _version: 0.10.0/0.41.0/
  since: 2025-04-06 17:10:21.392759777 Z
  what: quality-of-service
  when: 2025-05-04 17:10:21.392723950 Z
