---
- added: 8
  cycles: 1
  deleted: 8
  inserted: 8
  seconds: 0.743535656
  version: 0.41.0
  what: judges-summary
  when: 2025-05-10 07:11:07.330617099 Z
- _id: 1
  _time: 2025-05-10 07:11:06.916491384 Z
  _version: 0.10.0/0.41.0/
  since: 2025-04-12 07:11:06.916676240 Z
  what: quantity-of-deliverables
  when: 2025-05-10 07:11:06.916633189 Z
- _id: 2
  _time: 2025-05-10 07:11:06.983747584 Z
  _version: 0.10.0/0.41.0/
  since: 2025-04-12 07:11:06.983895842 Z
  what: quality-of-service
  when: 2025-05-10 07:11:06.983862891 Z
- _id: 3
  _time: 2025-05-10 07:11:06.985694784 Z
  _version: 0.10.0/0.41.0/
  what: dimensions-of-terrain
  when: 2025-05-10 07:11:06.985791435 Z
