---
- added: 8
  cycles: 1
  deleted: 8
  error: 'Judge quantity-of-deliverables stopped by timeout after 3m0s: execution
    expired'
  inserted: 8
  seconds: 180.411044343
  version: 0.41.0
  what: judges-summary
  when: 2025-05-15 02:41:26.979867369 Z
- _id: 1
  _time: 2025-05-15 02:38:26.889414561 Z
  _version: 0.10.0/0.41.0/
  since: 2025-04-17 02:38:26.889650384 Z
  what: quantity-of-deliverables
  when: 2025-05-15 02:38:26.889612453 Z
- _id: 2
  _time: 2025-05-15 02:41:26.969940641 Z
  _version: 0.10.0/0.41.0/
  since: 2025-04-17 02:41:26.970108165 Z
  what: quality-of-service
  when: 2025-05-15 02:41:26.970073850 Z
- _id: 3
  _time: 2025-05-15 02:41:26.975780775 Z
  _version: 0.10.0/0.41.0/
  what: dimensions-of-terrain
  when: 2025-05-15 02:41:26.975884911 Z
