---
- added: 8
  cycles: 1
  deleted: 8
  inserted: 8
  seconds: 17.005078628
  version: 0.41.0
  what: judges-summary
  when: 2025-04-30 17:11:32.772027760 Z
- _id: 1
  _time: 2025-04-30 17:11:32.392589272 Z
  _version: 0.10.0/0.41.0/
  total_files: 4680
  what: dimensions-of-terrain
  when: 2025-04-30 17:11:16.094068578 Z
- _id: 2
  _time: 2025-04-30 17:11:32.396008146 Z
  _version: 0.10.0/0.41.0/
  since: 2025-04-02 17:11:32.396148763 Z
  what: quantity-of-deliverables
  when: 2025-04-30 17:11:32.396114197 Z
- _id: 3
  _time: 2025-04-30 17:11:32.397458223 Z
  _version: 0.10.0/0.41.0/
  since: 2025-04-02 17:11:32.397591266 Z
  what: quality-of-service
  when: 2025-04-30 17:11:32.397558895 Z
