---
- added: 8
  cycles: 1
  deleted: 8
  error: 'Judge quantity-of-deliverables stopped by timeout after 3m0s: execution
    expired'
  inserted: 8
  seconds: 180.686528035
  version: 0.41.0
  what: judges-summary
  when: 2025-05-24 10:14:59.792907497 Z
- _id: 1
  _time: 2025-05-24 10:11:59.443130199 Z
  _version: 0.10.0/0.41.0/
  since: 2025-04-26 10:11:59.443368423 Z
  what: quantity-of-deliverables
  when: 2025-05-24 10:11:59.443330232 Z
- _id: 2
  _time: 2025-05-24 10:14:59.446527652 Z
  _version: 0.10.0/0.41.0/
  since: 2025-04-26 10:14:59.446926325 Z
  what: quality-of-service
  when: 2025-05-24 10:14:59.446866684 Z
- _id: 3
  _time: 2025-05-24 10:14:59.454336433 Z
  _version: 0.10.0/0.41.0/
  what: dimensions-of-terrain
  when: 2025-05-24 10:14:59.454442460 Z
