---
- added: 8
  cycles: 1
  deleted: 8
  inserted: 8
  seconds: 6.923414756
  version: 0.41.0
  what: judges-summary
  when: 2025-05-07 04:15:53.048342117 Z
- _id: 1
  _time: 2025-05-07 04:15:53.043517147 Z
  _version: 0.10.0/0.41.0/
  since: 2025-04-09 04:15:53.043741294 Z
  what: quantity-of-deliverables
  when: 2025-05-07 04:15:53.043699917 Z
- _id: 2
  _time: 2025-05-07 04:15:53.045059608 Z
  _version: 0.10.0/0.41.0/
  since: 2025-04-09 04:15:53.045193507 Z
  what: quality-of-service
  when: 2025-05-07 04:15:53.045160646 Z
- _id: 3
  _time: 2025-05-07 04:15:53.047376671 Z
  _version: 0.10.0/0.41.0/
  what: dimensions-of-terrain
  when: 2025-05-07 04:15:53.047478019 Z
