---
- added: 8
  cycles: 1
  deleted: 8
  inserted: 8
  seconds: 7.776991827
  version: 0.41.0
  what: judges-summary
  when: 2025-04-30 07:12:46.417036719 Z
- _id: 1
  _time: 2025-04-30 07:12:46.406844754 Z
  _version: 0.10.0/0.41.0/
  what: dimensions-of-terrain
  when: 2025-04-30 07:12:46.406997119 Z
- _id: 2
  _time: 2025-04-30 07:12:46.410804601 Z
  _version: 0.10.0/0.41.0/
  since: 2025-04-02 07:12:46.410942428 Z
  what: quantity-of-deliverables
  when: 2025-04-30 07:12:46.410908916 Z
- _id: 3
  _time: 2025-04-30 07:12:46.414471762 Z
  _version: 0.10.0/0.41.0/
  since: 2025-04-02 07:12:46.414721849 Z
  what: quality-of-service
  when: 2025-04-30 07:12:46.414643503 Z
