---
- added: 8
  cycles: 1
  deleted: 8
  inserted: 8
  seconds: 13.319965169
  version: 0.41.0
  what: judges-summary
  when: 2025-05-12 06:19:25.901643557 Z
- _id: 1
  _time: 2025-05-12 06:19:25.553390973 Z
  _version: 0.10.0/0.41.0/
  total_releases: 599
  what: dimensions-of-terrain
  when: 2025-05-12 06:19:12.908797660 Z
- _id: 2
  _time: 2025-05-12 06:19:25.562297162 Z
  _version: 0.10.0/0.41.0/
  since: 2025-04-14 06:19:25.562456943 Z
  what: quantity-of-deliverables
  when: 2025-05-12 06:19:25.562398713 Z
- _id: 3
  _time: 2025-05-12 06:19:25.565184666 Z
  _version: 0.10.0/0.41.0/
  since: 2025-04-14 06:19:25.565320341 Z
  what: quality-of-service
  when: 2025-05-12 06:19:25.565287559 Z
