---
- added: 8
  cycles: 1
  deleted: 8
  inserted: 8
  seconds: 0.875301726
  version: 0.41.0
  what: judges-summary
  when: 2025-05-22 07:13:16.811782626 Z
- _id: 1
  _time: 2025-05-22 07:13:16.805844758 Z
  _version: 0.10.0/0.41.0/
  since: 2025-04-24 07:13:16.806072886 Z
  what: quality-of-service
  when: 2025-05-22 07:13:16.806029454 Z
- _id: 2
  _time: 2025-05-22 07:13:16.808441470 Z
  _version: 0.10.0/0.41.0/
  since: 2025-04-24 07:13:16.808599035 Z
  what: quantity-of-deliverables
  when: 2025-05-22 07:13:16.808560433 Z
- _id: 3
  _time: 2025-05-22 07:13:16.810676054 Z
  _version: 0.10.0/0.41.0/
  what: dimensions-of-terrain
  when: 2025-05-22 07:13:16.810819403 Z
