---
- added: 8
  cycles: 1
  deleted: 8
  inserted: 8
  seconds: 10.142484547
  version: 0.41.0
  what: judges-summary
  when: 2025-05-16 14:12:52.919563849 Z
- _id: 1
  _time: 2025-05-16 14:12:52.578650546 Z
  _version: 0.10.0/0.41.0/
  since: 2025-04-18 14:12:52.578837074 Z
  what: quality-of-service
  when: 2025-05-16 14:12:52.578799033 Z
- _id: 2
  _time: 2025-05-16 14:12:52.916234668 Z
  _version: 0.10.0/0.41.0/
  what: dimensions-of-terrain
  when: 2025-05-16 14:12:52.916370902 Z
- _id: 3
  _time: 2025-05-16 14:12:52.918593325 Z
  _version: 0.10.0/0.41.0/
  since: 2025-04-18 14:12:52.918729179 Z
  what: quantity-of-deliverables
  when: 2025-05-16 14:12:52.918695876 Z
