---
- added: 8
  cycles: 1
  deleted: 8
  inserted: 8
  seconds: 8.050944903
  version: 0.41.0
  what: judges-summary
  when: 2025-05-24 14:10:44.344928045 Z
- _id: 1
  _time: 2025-05-24 14:10:44.330980335 Z
  _version: 0.10.0/0.41.0/
  since: 2025-04-26 14:10:44.331165580 Z
  what: quantity-of-deliverables
  when: 2025-05-24 14:10:44.331127479 Z
- _id: 2
  _time: 2025-05-24 14:10:44.332742794 Z
  _version: 0.10.0/0.41.0/
  what: dimensions-of-terrain
  when: 2025-05-24 14:10:44.332871233 Z
- _id: 3
  _time: 2025-05-24 14:10:44.337933539 Z
  _version: 0.10.0/0.41.0/
  since: 2025-04-26 14:10:44.338238118 Z
  what: quality-of-service
  when: 2025-05-24 14:10:44.338165462 Z
