---
- added: 8
  cycles: 1
  deleted: 8
  inserted: 8
  seconds: 7.171752415
  version: 0.41.0
  what: judges-summary
  when: 2025-05-23 20:14:27.937262012 Z
- _id: 1
  _time: 2025-05-23 20:14:27.585204616 Z
  _version: 0.10.0/0.41.0/
  since: 2025-04-25 20:14:27.585385547 Z
  what: quality-of-service
  when: 2025-05-23 20:14:27.585348658 Z
- _id: 2
  _time: 2025-05-23 20:14:27.590779740 Z
  _version: 0.10.0/0.41.0/
  what: dimensions-of-terrain
  when: 2025-05-23 20:14:27.590882554 Z
- _id: 3
  _time: 2025-05-23 20:14:27.934723144 Z
  _version: 0.10.0/0.41.0/
  since: 2025-04-25 20:14:27.934892093 Z
  what: quantity-of-deliverables
  when: 2025-05-23 20:14:27.934855674 Z
