---
- added: 8
  cycles: 1
  deleted: 8
  inserted: 8
  seconds: 0.755836431
  version: 0.41.0
  what: judges-summary
  when: 2025-05-15 15:13:07.429521704 Z
- _id: 1
  _time: 2025-05-15 15:13:07.076754541 Z
  _version: 0.10.0/0.41.0/
  what: dimensions-of-terrain
  when: 2025-05-15 15:13:07.076901475 Z
- _id: 2
  _time: 2025-05-15 15:13:07.423648301 Z
  _version: 0.10.0/0.41.0/
  since: 2025-04-17 15:13:07.423959633 Z
  what: quality-of-service
  when: 2025-05-15 15:13:07.423896806 Z
- _id: 3
  _time: 2025-05-15 15:13:07.428544537 Z
  _version: 0.10.0/0.41.0/
  since: 2025-04-17 15:13:07.428729713 Z
  what: quantity-of-deliverables
  when: 2025-05-15 15:13:07.428674850 Z
