---
- added: 8
  cycles: 1
  deleted: 8
  inserted: 8
  seconds: 16.844683247
  version: 0.41.0
  what: judges-summary
  when: 2025-05-18 12:21:43.479389001 Z
- _id: 1
  _time: 2025-05-18 12:21:43.142244304 Z
  _version: 0.10.0/0.41.0/
  what: dimensions-of-terrain
  when: 2025-05-18 12:21:43.142388093 Z
- _id: 2
  _time: 2025-05-18 12:21:43.147465978 Z
  _version: 0.10.0/0.41.0/
  since: 2025-04-20 12:21:43.147600600 Z
  what: quantity-of-deliverables
  when: 2025-05-18 12:21:43.147567779 Z
- _id: 3
  _time: 2025-05-18 12:21:43.478068803 Z
  _version: 0.10.0/0.41.0/
  since: 2025-04-20 12:21:43.478265500 Z
  what: quality-of-service
  when: 2025-05-18 12:21:43.478226758 Z
