---
- added: 8
  cycles: 1
  deleted: 8
  inserted: 8
  seconds: 11.512052208
  version: 0.41.0
  what: judges-summary
  when: 2025-05-15 23:12:36.078302189 Z
- _id: 1
  _time: 2025-05-15 23:12:36.073163472 Z
  _version: 0.10.0/0.41.0/
  since: 2025-04-17 23:12:36.073343329 Z
  what: quantity-of-deliverables
  when: 2025-05-15 23:12:36.073306150 Z
- _id: 2
  _time: 2025-05-15 23:12:36.075047057 Z
  _version: 0.10.0/0.41.0/
  since: 2025-04-17 23:12:36.075176399 Z
  what: quality-of-service
  when: 2025-05-15 23:12:36.075146123 Z
- _id: 3
  _time: 2025-05-15 23:12:36.077399520 Z
  _version: 0.10.0/0.41.0/
  what: dimensions-of-terrain
  when: 2025-05-15 23:12:36.077500448 Z
