---
- added: 8
  cycles: 1
  deleted: 8
  error: 'Judge quality-of-service stopped by timeout after 3m0s: execution expired'
  inserted: 8
  seconds: 180.681150818
  version: 0.41.0
  what: judges-summary
  when: 2025-05-17 01:01:44.440191963 Z
- _id: 1
  _time: 2025-05-17 00:58:44.087223331 Z
  _version: 0.10.0/0.41.0/
  since: 2025-04-19 00:58:44.087455844 Z
  what: quality-of-service
  when: 2025-05-17 00:58:44.087418565 Z
- _id: 2
  _time: 2025-05-17 01:01:44.094554728 Z
  _version: 0.10.0/0.41.0/
  since: 2025-04-19 01:01:44.094737067 Z
  what: quantity-of-deliverables
  when: 2025-05-17 01:01:44.094704497 Z
- _id: 3
  _time: 2025-05-17 01:01:44.439055144 Z
  _version: 0.10.0/0.41.0/
  what: dimensions-of-terrain
  when: 2025-05-17 01:01:44.439197860 Z
