---
- added: 8
  cycles: 1
  deleted: 8
  inserted: 8
  seconds: 8.537590996
  version: 0.41.0
  what: judges-summary
  when: 2025-05-07 13:28:00.511735428 Z
- _id: 1
  _time: 2025-05-07 13:28:00.167731874 Z
  _version: 0.10.0/0.41.0/
  since: 2025-04-09 13:28:00.167959001 Z
  what: quality-of-service
  when: 2025-05-07 13:28:00.167919346 Z
- _id: 2
  _time: 2025-05-07 13:28:00.169286521 Z
  _version: 0.10.0/0.41.0/
  since: 2025-04-09 13:28:00.169421555 Z
  what: quantity-of-deliverables
  when: 2025-05-07 13:28:00.169389424 Z
- _id: 3
  _time: 2025-05-07 13:28:00.508501488 Z
  _version: 0.10.0/0.41.0/
  what: dimensions-of-terrain
  when: 2025-05-07 13:28:00.508626964 Z
