---
- added: 8
  cycles: 1
  deleted: 8
  inserted: 8
  seconds: 89.909936812
  version: 0.41.0
  what: judges-summary
  when: 2025-05-19 12:26:35.360140695 Z
- _id: 1
  _time: 2025-05-19 12:26:35.012229522 Z
  _version: 0.10.0/0.41.0/
  average_triage_time: 0
  since: 2025-04-21 12:25:05.771789312 Z
  what: quality-of-service
  when: 2025-05-19 12:25:05.771750148 Z
- _id: 2
  _time: 2025-05-19 12:26:35.354171410 Z
  _version: 0.10.0/0.41.0/
  since: 2025-04-21 12:26:35.354444853 Z
  what: quantity-of-deliverables
  when: 2025-05-19 12:26:35.354384470 Z
- _id: 3
  _time: 2025-05-19 12:26:35.358919385 Z
  _version: 0.10.0/0.41.0/
  what: dimensions-of-terrain
  when: 2025-05-19 12:26:35.359158854 Z
