---
- added: 8
  cycles: 1
  deleted: 8
  inserted: 8
  seconds: 10.124139838
  version: 0.41.0
  what: judges-summary
  when: 2025-05-05 11:11:27.865273916 Z
- _id: 1
  _time: 2025-05-05 11:11:27.525613501 Z
  _version: 0.10.0/0.41.0/
  since: 2025-04-07 11:11:27.525819935 Z
  what: quality-of-service
  when: 2025-05-05 11:11:27.525783908 Z
- _id: 2
  _time: 2025-05-05 11:11:27.529291150 Z
  _version: 0.10.0/0.41.0/
  since: 2025-04-07 11:11:27.529420952 Z
  what: quantity-of-deliverables
  when: 2025-05-05 11:11:27.529390635 Z
- _id: 3
  _time: 2025-05-05 11:11:27.864307318 Z
  _version: 0.10.0/0.41.0/
  what: dimensions-of-terrain
  when: 2025-05-05 11:11:27.864434244 Z
