---
- added: 8
  cycles: 1
  deleted: 8
  inserted: 8
  seconds: 14.520556516
  version: 0.41.0
  what: judges-summary
  when: 2025-05-08 15:13:38.926992576 Z
- _id: 1
  _time: 2025-05-08 15:13:38.579689216 Z
  _version: 0.10.0/0.41.0/
  since: 2025-04-10 15:13:38.579873912 Z
  what: quality-of-service
  when: 2025-05-08 15:13:38.579836392 Z
- _id: 2
  _time: 2025-05-08 15:13:38.584101226 Z
  _version: 0.10.0/0.41.0/
  what: dimensions-of-terrain
  when: 2025-05-08 15:13:38.584206564 Z
- _id: 3
  _time: 2025-05-08 15:13:38.587516818 Z
  _version: 0.10.0/0.41.0/
  since: 2025-04-10 15:13:38.587690083 Z
  what: quantity-of-deliverables
  when: 2025-05-08 15:13:38.587655098 Z
