---
- added: 8
  cycles: 1
  deleted: 8
  inserted: 8
  seconds: 0.728426507
  version: 0.41.0
  what: judges-summary
  when: 2025-05-22 21:11:51.657606714 Z
- _id: 1
  _time: 2025-05-22 21:11:51.649009483 Z
  _version: 0.10.0/0.41.0/
  since: 2025-04-24 21:11:51.649185050 Z
  what: quantity-of-deliverables
  when: 2025-05-22 21:11:51.649147029 Z
- _id: 2
  _time: 2025-05-22 21:11:51.650735808 Z
  _version: 0.10.0/0.41.0/
  since: 2025-04-24 21:11:51.650872182 Z
  what: quality-of-service
  when: 2025-05-22 21:11:51.650839050 Z
- _id: 3
  _time: 2025-05-22 21:11:51.653972928 Z
  _version: 0.10.0/0.41.0/
  what: dimensions-of-terrain
  when: 2025-05-22 21:11:51.654078164 Z
