---
- added: 8
  cycles: 1
  deleted: 8
  inserted: 8
  seconds: 99.539013833
  version: 0.41.0
  what: judges-summary
  when: 2025-05-13 22:14:19.902030215 Z
- _id: 1
  _time: 2025-05-13 22:14:19.534999941 Z
  _version: 0.10.0/0.41.0/
  average_triage_time: 0
  since: 2025-04-15 22:12:40.684771649 Z
  what: quality-of-service
  when: 2025-05-13 22:12:40.684731985 Z
- _id: 2
  _time: 2025-05-13 22:14:19.551026127 Z
  _version: 0.10.0/0.41.0/
  since: 2025-04-15 22:14:19.551165137 Z
  what: quantity-of-deliverables
  when: 2025-05-13 22:14:19.551132286 Z
- _id: 3
  _time: 2025-05-13 22:14:19.553893935 Z
  _version: 0.10.0/0.41.0/
  what: dimensions-of-terrain
  when: 2025-05-13 22:14:19.553997578 Z
