---
- added: 8
  cycles: 1
  deleted: 8
  inserted: 8
  seconds: 6.767312895
  version: 0.41.0
  what: judges-summary
  when: 2025-05-18 21:10:55.109115276 Z
- _id: 1
  _time: 2025-05-18 21:10:55.095561987 Z
  _version: 0.10.0/0.41.0/
  since: 2025-04-20 21:10:55.095754939 Z
  what: quality-of-service
  when: 2025-05-18 21:10:55.095716858 Z
- _id: 2
  _time: 2025-05-18 21:10:55.097118099 Z
  _version: 0.10.0/0.41.0/
  since: 2025-04-20 21:10:55.097255627 Z
  what: quantity-of-deliverables
  when: 2025-05-18 21:10:55.097223327 Z
- _id: 3
  _time: 2025-05-18 21:10:55.105419356 Z
  _version: 0.10.0/0.41.0/
  what: dimensions-of-terrain
  when: 2025-05-18 21:10:55.105525124 Z
