---
- added: 8
  cycles: 1
  deleted: 8
  inserted: 8
  seconds: 32.693761865
  version: 0.41.0
  what: judges-summary
  when: 2025-05-11 14:11:38.104752260 Z
- _id: 1
  _time: 2025-05-11 14:11:37.751623660 Z
  _version: 0.10.0/0.41.0/
  total_releases: 599
  what: dimensions-of-terrain
  when: 2025-05-11 14:11:05.744970275 Z
- _id: 2
  _time: 2025-05-11 14:11:38.101192943 Z
  _version: 0.10.0/0.41.0/
  since: 2025-04-13 14:11:38.101355737 Z
  what: quantity-of-deliverables
  when: 2025-05-11 14:11:38.101321203 Z
- _id: 3
  _time: 2025-05-11 14:11:38.103727197 Z
  _version: 0.10.0/0.41.0/
  since: 2025-04-13 14:11:38.103861738 Z
  what: quality-of-service
  when: 2025-05-11 14:11:38.103829238 Z
