---
- added: 8
  cycles: 1
  deleted: 8
  inserted: 8
  seconds: 0.726529439
  version: 0.41.0
  what: judges-summary
  when: 2025-05-18 23:11:51.933070984 Z
- _id: 1
  _time: 2025-05-18 23:11:51.521791174 Z
  _version: 0.10.0/0.41.0/
  since: 2025-04-20 23:11:51.522042034 Z
  what: quantity-of-deliverables
  when: 2025-05-18 23:11:51.522000105 Z
- _id: 2
  _time: 2025-05-18 23:11:51.924330281 Z
  _version: 0.10.0/0.41.0/
  what: dimensions-of-terrain
  when: 2025-05-18 23:11:51.924578526 Z
- _id: 3
  _time: 2025-05-18 23:11:51.930629732 Z
  _version: 0.10.0/0.41.0/
  since: 2025-04-20 23:11:51.930765867 Z
  what: quality-of-service
  when: 2025-05-18 23:11:51.930732134 Z
