---
- added: 8
  cycles: 1
  deleted: 8
  inserted: 8
  seconds: 8.342374441
  version: 0.41.0
  what: judges-summary
  when: 2025-05-13 12:25:13.904192273 Z
- _id: 1
  _time: 2025-05-13 12:25:13.898226249 Z
  _version: 0.10.0/0.41.0/
  since: 2025-04-15 12:25:13.898437805 Z
  what: quality-of-service
  when: 2025-05-13 12:25:13.898399253 Z
- _id: 2
  _time: 2025-05-13 12:25:13.899848922 Z
  _version: 0.10.0/0.41.0/
  since: 2025-04-15 12:25:13.899986369 Z
  what: quantity-of-deliverables
  when: 2025-05-13 12:25:13.899954078 Z
- _id: 3
  _time: 2025-05-13 12:25:13.902119042 Z
  _version: 0.10.0/0.41.0/
  what: dimensions-of-terrain
  when: 2025-05-13 12:25:13.902222575 Z
