---
- added: 8
  cycles: 1
  deleted: 8
  error: 'Judge quality-of-service stopped by timeout after 3m0s: execution expired'
  inserted: 8
  seconds: 180.660233518
  version: 0.41.0
  what: judges-summary
  when: 2025-05-09 11:13:38.580153100 Z
- _id: 1
  _time: 2025-05-09 11:10:38.247577305 Z
  _version: 0.10.0/0.41.0/
  since: 2025-04-11 11:10:38.247809295 Z
  what: quality-of-service
  when: 2025-05-09 11:10:38.247765685 Z
- _id: 2
  _time: 2025-05-09 11:13:38.247776799 Z
  _version: 0.10.0/0.41.0/
  since: 2025-04-11 11:13:38.247940282 Z
  what: quantity-of-deliverables
  when: 2025-05-09 11:13:38.247903574 Z
- _id: 3
  _time: 2025-05-09 11:13:38.249191242 Z
  _version: 0.10.0/0.41.0/
  what: dimensions-of-terrain
  when: 2025-05-09 11:13:38.249309953 Z
