---
- added: 8
  cycles: 1
  deleted: 8
  error: 'Judge quantity-of-deliverables stopped by timeout after 3m0s: execution
    expired'
  inserted: 8
  seconds: 180.814531366
  version: 0.41.0
  what: judges-summary
  when: 2025-05-03 14:14:10.496855729 Z
- _id: 1
  _time: 2025-05-03 14:11:10.009806136 Z
  _version: 0.10.0/0.41.0/
  since: 2025-04-05 14:11:10.009979338 Z
  what: quantity-of-deliverables
  when: 2025-05-03 14:11:10.009941798 Z
- _id: 2
  _time: 2025-05-03 14:14:10.487652054 Z
  _version: 0.10.0/0.41.0/
  what: dimensions-of-terrain
  when: 2025-05-03 14:14:10.488032421 Z
- _id: 3
  _time: 2025-05-03 14:14:10.494971640 Z
  _version: 0.10.0/0.41.0/
  since: 2025-04-05 14:14:10.495365932 Z
  what: quality-of-service
  when: 2025-05-03 14:14:10.495318003 Z
