---
- added: 8
  cycles: 1
  deleted: 8
  inserted: 8
  seconds: 6.640774242
  version: 0.41.0
  what: judges-summary
  when: 2025-05-01 05:13:40.681674349 Z
- _id: 1
  _time: 2025-05-01 05:13:40.338770028 Z
  _version: 0.10.0/0.41.0/
  what: dimensions-of-terrain
  when: 2025-05-01 05:13:40.338946928 Z
- _id: 2
  _time: 2025-05-01 05:13:40.343675619 Z
  _version: 0.10.0/0.41.0/
  since: 2025-04-03 05:13:40.343812134 Z
  what: quantity-of-deliverables
  when: 2025-05-01 05:13:40.343779042 Z
- _id: 3
  _time: 2025-05-01 05:13:40.679327492 Z
  _version: 0.10.0/0.41.0/
  since: 2025-04-03 05:13:40.679493372 Z
  what: quality-of-service
  when: 2025-05-01 05:13:40.679460170 Z
