---
- added: 8
  cycles: 1
  deleted: 8
  error: 'Judge quality-of-service stopped by timeout after 3m0s: execution expired'
  inserted: 8
  seconds: 180.347386867
  version: 0.41.0
  what: judges-summary
  when: 2025-05-08 10:17:14.891362753 Z
- _id: 1
  _time: 2025-05-08 10:14:14.862017077 Z
  _version: 0.10.0/0.41.0/
  since: 2025-04-10 10:14:14.862258455 Z
  what: quality-of-service
  when: 2025-05-08 10:14:14.862218080 Z
- _id: 2
  _time: 2025-05-08 10:17:14.547483662 Z
  _version: 0.10.0/0.41.0/
  since: 2025-04-10 10:17:14.547722305 Z
  what: quantity-of-deliverables
  when: 2025-05-08 10:17:14.547668284 Z
- _id: 3
  _time: 2025-05-08 10:17:14.556986163 Z
  _version: 0.10.0/0.41.0/
  what: dimensions-of-terrain
  when: 2025-05-08 10:17:14.557089846 Z
