---
- added: 8
  cycles: 1
  deleted: 8
  inserted: 8
  seconds: 10.207816274
  version: 0.41.0
  what: judges-summary
  when: 2025-05-05 06:19:06.352140591 Z
- _id: 1
  _time: 2025-05-05 06:19:06.343999404 Z
  _version: 0.10.0/0.41.0/
  what: dimensions-of-terrain
  when: 2025-05-05 06:19:06.344400522 Z
- _id: 2
  _time: 2025-05-05 06:19:06.346543928 Z
  _version: 0.10.0/0.41.0/
  since: 2025-04-07 06:19:06.346695441 Z
  what: quality-of-service
  when: 2025-05-05 06:19:06.346657710 Z
- _id: 3
  _time: 2025-05-05 06:19:06.351048665 Z
  _version: 0.10.0/0.41.0/
  since: 2025-04-07 06:19:06.351227398 Z
  what: quantity-of-deliverables
  when: 2025-05-05 06:19:06.351191682 Z
