---
- added: 8
  cycles: 1
  deleted: 8
  inserted: 8
  seconds: 22.432518829
  version: 0.41.0
  what: judges-summary
  when: 2025-05-22 04:18:17.130858587 Z
- _id: 1
  _time: 2025-05-22 04:18:16.766331235 Z
  _version: 0.10.0/0.41.0/
  since: 2025-04-24 04:17:55.024826193 Z
  total_issues_created: 236
  total_pulls_submitted: 116
  what: quantity-of-deliverables
  when: 2025-05-22 04:17:55.024786940 Z
- _id: 2
  _time: 2025-05-22 04:18:16.768090854 Z
  _version: 0.10.0/0.41.0/
  what: dimensions-of-terrain
  when: 2025-05-22 04:18:16.768188825 Z
- _id: 3
  _time: 2025-05-22 04:18:16.776585027 Z
  _version: 0.10.0/0.41.0/
  since: 2025-04-24 04:18:16.776725958 Z
  what: quality-of-service
  when: 2025-05-22 04:18:16.776687607 Z
