---
- added: 8
  cycles: 1
  deleted: 8
  inserted: 8
  seconds: 7.483192826
  version: 0.41.0
  what: judges-summary
  when: 2025-05-05 18:14:35.892700896 Z
- _id: 1
  _time: 2025-05-05 18:14:35.881335397 Z
  _version: 0.10.0/0.41.0/
  what: dimensions-of-terrain
  when: 2025-05-05 18:14:35.881487212 Z
- _id: 2
  _time: 2025-05-05 18:14:35.884997474 Z
  _version: 0.10.0/0.41.0/
  since: 2025-04-07 18:14:35.885137246 Z
  what: quality-of-service
  when: 2025-05-05 18:14:35.885104214 Z
- _id: 3
  _time: 2025-05-05 18:14:35.891654015 Z
  _version: 0.10.0/0.41.0/
  since: 2025-04-07 18:14:35.891793246 Z
  what: quantity-of-deliverables
  when: 2025-05-05 18:14:35.891760134 Z
