---
- added: 8
  cycles: 1
  deleted: 8
  inserted: 8
  seconds: 17.075902572
  version: 0.41.0
  what: judges-summary
  when: 2025-05-24 19:09:47.348210304 Z
- _id: 1
  _time: 2025-05-24 19:09:47.000285999 Z
  _version: 0.10.0/0.41.0/
  what: dimensions-of-terrain
  when: 2025-05-24 19:09:47.000434087 Z
- _id: 2
  _time: 2025-05-24 19:09:47.342959476 Z
  _version: 0.10.0/0.41.0/
  since: 2025-04-26 19:09:47.343120458 Z
  what: quality-of-service
  when: 2025-05-24 19:09:47.343085623 Z
- _id: 3
  _time: 2025-05-24 19:09:47.346091356 Z
  _version: 0.10.0/0.41.0/
  since: 2025-04-26 19:09:47.346264020 Z
  what: quantity-of-deliverables
  when: 2025-05-24 19:09:47.346227331 Z
