---
- added: 8
  cycles: 1
  deleted: 8
  inserted: 8
  seconds: 16.861040767
  version: 0.41.0
  what: judges-summary
  when: 2025-05-04 05:12:52.571011692 Z
- _id: 1
  _time: 2025-05-04 05:12:52.231827700 Z
  _version: 0.10.0/0.41.0/
  what: dimensions-of-terrain
  when: 2025-05-04 05:12:52.231975617 Z
- _id: 2
  _time: 2025-05-04 05:12:52.234123389 Z
  _version: 0.10.0/0.41.0/
  since: 2025-04-06 05:12:52.234256148 Z
  what: quality-of-service
  when: 2025-05-04 05:12:52.234224478 Z
- _id: 3
  _time: 2025-05-04 05:12:52.235551483 Z
  _version: 0.10.0/0.41.0/
  since: 2025-04-06 05:12:52.235725008 Z
  what: quantity-of-deliverables
  when: 2025-05-04 05:12:52.235692978 Z
