---
- added: 8
  cycles: 1
  deleted: 8
  inserted: 8
  seconds: 8.003201523
  version: 0.41.0
  what: judges-summary
  when: 2025-05-05 07:13:37.345038966 Z
- _id: 1
  _time: 2025-05-05 07:13:37.332454805 Z
  _version: 0.10.0/0.41.0/
  since: 2025-04-07 07:13:37.332641747 Z
  what: quantity-of-deliverables
  when: 2025-05-05 07:13:37.332603925 Z
- _id: 2
  _time: 2025-05-05 07:13:37.336663188 Z
  _version: 0.10.0/0.41.0/
  since: 2025-04-07 07:13:37.336840491 Z
  what: quality-of-service
  when: 2025-05-05 07:13:37.336806157 Z
- _id: 3
  _time: 2025-05-05 07:13:37.338460588 Z
  _version: 0.10.0/0.41.0/
  what: dimensions-of-terrain
  when: 2025-05-05 07:13:37.338565314 Z
