---
- added: 8
  cycles: 1
  deleted: 8
  inserted: 8
  seconds: 17.768161336
  version: 0.41.0
  what: judges-summary
  when: 2025-05-20 19:10:37.657770746 Z
- _id: 1
  _time: 2025-05-20 19:10:37.312088499 Z
  _version: 0.10.0/0.41.0/
  since: 2025-04-22 19:10:37.312318982 Z
  what: quantity-of-deliverables
  when: 2025-05-20 19:10:37.312279388 Z
- _id: 2
  _time: 2025-05-20 19:10:37.313613353 Z
  _version: 0.10.0/0.41.0/
  since: 2025-04-22 19:10:37.313743939 Z
  what: quality-of-service
  when: 2025-05-20 19:10:37.313710766 Z
- _id: 3
  _time: 2025-05-20 19:10:37.656757411 Z
  _version: 0.10.0/0.41.0/
  what: dimensions-of-terrain
  when: 2025-05-20 19:10:37.656890512 Z
