---
- added: 8
  cycles: 1
  deleted: 8
  inserted: 8
  seconds: 7.462725856
  version: 0.41.0
  what: judges-summary
  when: 2025-05-03 09:11:57.373525742 Z
- _id: 1
  _time: 2025-05-03 09:11:57.361041902 Z
  _version: 0.10.0/0.41.0/
  what: dimensions-of-terrain
  when: 2025-05-03 09:11:57.361187114 Z
- _id: 2
  _time: 2025-05-03 09:11:57.367896353 Z
  _version: 0.10.0/0.41.0/
  since: 2025-04-05 09:11:57.368029453 Z
  what: quantity-of-deliverables
  when: 2025-05-03 09:11:57.367996511 Z
- _id: 3
  _time: 2025-05-03 09:11:57.369483682 Z
  _version: 0.10.0/0.41.0/
  since: 2025-04-05 09:11:57.369619406 Z
  what: quality-of-service
  when: 2025-05-03 09:11:57.369587106 Z
