---
- added: 8
  cycles: 1
  deleted: 8
  inserted: 8
  seconds: 17.46728799
  version: 0.41.0
  what: judges-summary
  when: 2025-05-05 23:12:30.304186069 Z
- _id: 1
  _time: 2025-05-05 23:12:29.948230535 Z
  _version: 0.10.0/0.41.0/
  since: 2025-04-07 23:12:29.948418788 Z
  what: quantity-of-deliverables
  when: 2025-05-05 23:12:29.948380036 Z
- _id: 2
  _time: 2025-05-05 23:12:30.299245344 Z
  _version: 0.10.0/0.41.0/
  since: 2025-04-07 23:12:30.299423217 Z
  what: quality-of-service
  when: 2025-05-05 23:12:30.299383733 Z
- _id: 3
  _time: 2025-05-05 23:12:30.300723410 Z
  _version: 0.10.0/0.41.0/
  what: dimensions-of-terrain
  when: 2025-05-05 23:12:30.300834257 Z
