---
- added: 8
  cycles: 1
  deleted: 8
  inserted: 8
  seconds: 6.979464577
  version: 0.41.0
  what: judges-summary
  when: 2025-05-20 22:12:02.080638649 Z
- _id: 1
  _time: 2025-05-20 22:12:02.071145974 Z
  _version: 0.10.0/0.41.0/
  what: dimensions-of-terrain
  when: 2025-05-20 22:12:02.071290915 Z
- _id: 2
  _time: 2025-05-20 22:12:02.075059708 Z
  _version: 0.10.0/0.41.0/
  since: 2025-04-22 22:12:02.075197266 Z
  what: quality-of-service
  when: 2025-05-20 22:12:02.075162931 Z
- _id: 3
  _time: 2025-05-20 22:12:02.076605140 Z
  _version: 0.10.0/0.41.0/
  since: 2025-04-22 22:12:02.076736496 Z
  what: quantity-of-deliverables
  when: 2025-05-20 22:12:02.076704086 Z
