---
- added: 8
  cycles: 1
  deleted: 8
  error: 'Judge quantity-of-deliverables stopped by timeout after 3m0s: execution
    expired'
  inserted: 8
  seconds: 180.34936864
  version: 0.41.0
  what: judges-summary
  when: 2025-05-18 09:14:50.197925979 Z
- _id: 1
  _time: 2025-05-18 09:11:50.194530717 Z
  _version: 0.10.0/0.41.0/
  since: 2025-04-20 09:11:50.194785093 Z
  what: quantity-of-deliverables
  when: 2025-05-18 09:11:50.194744036 Z
- _id: 2
  _time: 2025-05-18 09:14:49.857987988 Z
  _version: 0.10.0/0.41.0/
  what: dimensions-of-terrain
  when: 2025-05-18 09:14:49.858207659 Z
- _id: 3
  _time: 2025-05-18 09:14:49.864419984 Z
  _version: 0.10.0/0.41.0/
  since: 2025-04-20 09:14:49.864556329 Z
  what: quality-of-service
  when: 2025-05-18 09:14:49.864523377 Z
