---
- added: 8
  cycles: 1
  deleted: 8
  inserted: 8
  seconds: 22.28486687
  version: 0.41.0
  what: judges-summary
  when: 2025-05-20 05:13:49.531239492 Z
- _id: 1
  _time: 2025-05-20 05:13:49.172480282 Z
  _version: 0.10.0/0.41.0/
  total_releases: 602
  what: dimensions-of-terrain
  when: 2025-05-20 05:13:27.589524679 Z
- _id: 2
  _time: 2025-05-20 05:13:49.175529534 Z
  _version: 0.10.0/0.41.0/
  since: 2025-04-22 05:13:49.176091606 Z
  what: quantity-of-deliverables
  when: 2025-05-20 05:13:49.176056380 Z
- _id: 3
  _time: 2025-05-20 05:13:49.524116617 Z
  _version: 0.10.0/0.41.0/
  since: 2025-04-22 05:13:49.524456614 Z
  what: quality-of-service
  when: 2025-05-20 05:13:49.524382084 Z
