---
- added: 8
  cycles: 1
  deleted: 8
  inserted: 8
  seconds: 13.815065215
  version: 0.41.0
  what: judges-summary
  when: 2025-05-01 03:12:29.205604485 Z
- _id: 1
  _time: 2025-05-01 03:12:28.856440135 Z
  _version: 0.10.0/0.41.0/
  average_release_interval: 236511.25
  since: 2025-04-03 03:12:15.732198966 Z
  what: quality-of-service
  when: 2025-05-01 03:12:15.732162006 Z
- _id: 2
  _time: 2025-05-01 03:12:28.858345223 Z
  _version: 0.10.0/0.41.0/
  since: 2025-04-03 03:12:28.858482599 Z
  what: quantity-of-deliverables
  when: 2025-05-01 03:12:28.858448816 Z
- _id: 3
  _time: 2025-05-01 03:12:29.204587455 Z
  _version: 0.10.0/0.41.0/
  what: dimensions-of-terrain
  when: 2025-05-01 03:12:29.204719101 Z
