---
- added: 8
  cycles: 1
  deleted: 8
  inserted: 8
  seconds: 7.285637703
  version: 0.41.0
  what: judges-summary
  when: 2025-05-02 15:13:04.318031071 Z
- _id: 1
  _time: 2025-05-02 15:13:03.984968691 Z
  _version: 0.10.0/0.41.0/
  what: dimensions-of-terrain
  when: 2025-05-02 15:13:03.985114554 Z
- _id: 2
  _time: 2025-05-02 15:13:04.315493982 Z
  _version: 0.10.0/0.41.0/
  since: 2025-04-04 15:13:04.315640645 Z
  what: quality-of-service
  when: 2025-05-02 15:13:04.315608595 Z
- _id: 3
  _time: 2025-05-02 15:13:04.317005803 Z
  _version: 0.10.0/0.41.0/
  since: 2025-04-04 15:13:04.317133461 Z
  what: quantity-of-deliverables
  when: 2025-05-02 15:13:04.317103365 Z
