---
- added: 8
  cycles: 1
  deleted: 8
  inserted: 8
  seconds: 15.599885897
  version: 0.41.0
  what: judges-summary
  when: 2025-05-23 17:13:00.307634199 Z
- _id: 1
  _time: 2025-05-23 17:12:59.946583795 Z
  _version: 0.10.0/0.41.0/
  total_files: 4819
  what: dimensions-of-terrain
  when: 2025-05-23 17:12:45.039704046 Z
- _id: 2
  _time: 2025-05-23 17:12:59.949448449 Z
  _version: 0.10.0/0.41.0/
  since: 2025-04-25 17:12:59.949581948 Z
  what: quality-of-service
  when: 2025-05-23 17:12:59.949549237 Z
- _id: 3
  _time: 2025-05-23 17:13:00.299907175 Z
  _version: 0.10.0/0.41.0/
  since: 2025-04-25 17:13:00.300094893 Z
  what: quantity-of-deliverables
  when: 2025-05-23 17:13:00.300036124 Z
