---
- added: 8
  cycles: 1
  deleted: 8
  inserted: 8
  seconds: 8.086410193
  version: 0.41.0
  what: judges-summary
  when: 2025-05-09 13:24:06.358590101 Z
- _id: 1
  _time: 2025-05-09 13:24:06.014299037 Z
  _version: 0.10.0/0.41.0/
  what: dimensions-of-terrain
  when: 2025-05-09 13:24:06.014442715 Z
- _id: 2
  _time: 2025-05-09 13:24:06.018399345 Z
  _version: 0.10.0/0.41.0/
  since: 2025-04-11 13:24:06.018535098 Z
  what: quality-of-service
  when: 2025-05-09 13:24:06.018502357 Z
- _id: 3
  _time: 2025-05-09 13:24:06.356057081 Z
  _version: 0.10.0/0.41.0/
  since: 2025-04-11 13:24:06.356216237 Z
  what: quantity-of-deliverables
  when: 2025-05-09 13:24:06.356183176 Z
