---
- added: 8
  cycles: 1
  deleted: 8
  inserted: 8
  seconds: 6.391021728
  version: 0.41.0
  what: judges-summary
  when: 2025-05-03 19:09:37.942623428 Z
- _id: 1
  _time: 2025-05-03 19:09:37.614435695 Z
  _version: 0.10.0/0.41.0/
  what: dimensions-of-terrain
  when: 2025-05-03 19:09:37.614637272 Z
- _id: 2
  _time: 2025-05-03 19:09:37.619797260 Z
  _version: 0.10.0/0.41.0/
  since: 2025-04-05 19:09:37.619930088 Z
  what: quantity-of-deliverables
  when: 2025-05-03 19:09:37.619896856 Z
- _id: 3
  _time: 2025-05-03 19:09:37.621180140 Z
  _version: 0.10.0/0.41.0/
  since: 2025-04-05 19:09:37.621305305 Z
  what: quality-of-service
  when: 2025-05-03 19:09:37.621274276 Z
