---
- added: 8
  cycles: 1
  deleted: 8
  inserted: 8
  seconds: 9.687948079
  version: 0.41.0
  what: judges-summary
  when: 2025-05-24 12:21:25.216725272 Z
- _id: 1
  _time: 2025-05-24 12:21:24.867840098 Z
  _version: 0.10.0/0.41.0/
  what: dimensions-of-terrain
  when: 2025-05-24 12:21:24.867986511 Z
- _id: 2
  _time: 2025-05-24 12:21:25.209588023 Z
  _version: 0.10.0/0.41.0/
  since: 2025-04-26 12:21:25.209759112 Z
  what: quality-of-service
  when: 2025-05-24 12:21:25.209723205 Z
- _id: 3
  _time: 2025-05-24 12:21:25.214558412 Z
  _version: 0.10.0/0.41.0/
  since: 2025-04-26 12:21:25.214698493 Z
  what: quantity-of-deliverables
  when: 2025-05-24 12:21:25.214665281 Z
