---
- added: 8
  cycles: 1
  deleted: 8
  inserted: 8
  seconds: 0.749488595
  version: 0.41.0
  what: judges-summary
  when: 2025-05-21 20:14:16.983106912 Z
- _id: 1
  _time: 2025-05-21 20:14:16.558262141 Z
  _version: 0.10.0/0.41.0/
  since: 2025-04-23 20:14:16.558513432 Z
  what: quality-of-service
  when: 2025-05-21 20:14:16.558472646 Z
- _id: 2
  _time: 2025-05-21 20:14:16.624991678 Z
  _version: 0.10.0/0.41.0/
  since: 2025-04-23 20:14:16.625155235 Z
  what: quantity-of-deliverables
  when: 2025-05-21 20:14:16.625116833 Z
- _id: 3
  _time: 2025-05-21 20:14:16.975602284 Z
  _version: 0.10.0/0.41.0/
  what: dimensions-of-terrain
  when: 2025-05-21 20:14:16.975781460 Z
