---
- added: 8
  cycles: 1
  deleted: 8
  inserted: 8
  seconds: 20.604178043
  version: 0.41.0
  what: judges-summary
  when: 2025-05-24 05:12:55.831973975 Z
- _id: 1
  _time: 2025-05-24 05:12:55.456631486 Z
  _version: 0.10.0/0.41.0/
  total_releases: 602
  what: dimensions-of-terrain
  when: 2025-05-24 05:12:35.565316653 Z
- _id: 2
  _time: 2025-05-24 05:12:55.462499581 Z
  _version: 0.10.0/0.41.0/
  since: 2025-04-26 05:12:55.462642688 Z
  what: quantity-of-deliverables
  when: 2025-05-24 05:12:55.462609596 Z
- _id: 3
  _time: 2025-05-24 05:12:55.472861360 Z
  _version: 0.10.0/0.41.0/
  since: 2025-04-26 05:12:55.473011009 Z
  what: quality-of-service
  when: 2025-05-24 05:12:55.472975313 Z
