---
- added: 8
  cycles: 1
  deleted: 8
  inserted: 8
  seconds: 0.744474374
  version: 0.41.0
  what: judges-summary
  when: 2025-05-20 13:27:49.622346938 Z
- _id: 1
  _time: 2025-05-20 13:27:49.614671503 Z
  _version: 0.10.0/0.41.0/
  since: 2025-04-22 13:27:49.614849094 Z
  what: quality-of-service
  when: 2025-05-20 13:27:49.614812736 Z
- _id: 2
  _time: 2025-05-20 13:27:49.616440217 Z
  _version: 0.10.0/0.41.0/
  since: 2025-04-22 13:27:49.616575368 Z
  what: quantity-of-deliverables
  when: 2025-05-20 13:27:49.616542507 Z
- _id: 3
  _time: 2025-05-20 13:27:49.618627715 Z
  _version: 0.10.0/0.41.0/
  what: dimensions-of-terrain
  when: 2025-05-20 13:27:49.618731548 Z
