---
- added: 8
  cycles: 1
  deleted: 8
  error: 'Judge quantity-of-deliverables stopped by timeout after 3m0s: execution
    expired'
  inserted: 8
  seconds: 180.42641946
  version: 0.41.0
  what: judges-summary
  when: 2025-05-23 02:45:55.922657279 Z
- _id: 1
  _time: 2025-05-23 02:42:55.814992001 Z
  _version: 0.10.0/0.41.0/
  since: 2025-04-25 02:42:55.815239513 Z
  what: quantity-of-deliverables
  when: 2025-05-23 02:42:55.815200039 Z
- _id: 2
  _time: 2025-05-23 02:45:55.500471199 Z
  _version: 0.10.0/0.41.0/
  what: dimensions-of-terrain
  when: 2025-05-23 02:45:55.500675741 Z
- _id: 3
  _time: 2025-05-23 02:45:55.919482780 Z
  _version: 0.10.0/0.41.0/
  since: 2025-04-25 02:45:55.919642879 Z
  what: quality-of-service
  when: 2025-05-23 02:45:55.919608525 Z
