---
- added: 8
  cycles: 1
  deleted: 8
  inserted: 8
  seconds: 18.511999872
  version: 0.41.0
  what: judges-summary
  when: 2025-05-17 06:16:33.737635210 Z
- _id: 1
  _time: 2025-05-17 06:16:33.383265296 Z
  _version: 0.10.0/0.41.0/
  total_contributors: 89
  what: dimensions-of-terrain
  when: 2025-05-17 06:16:15.541380274 Z
- _id: 2
  _time: 2025-05-17 06:16:33.389039666 Z
  _version: 0.10.0/0.41.0/
  since: 2025-04-19 06:16:33.389208540 Z
  what: quantity-of-deliverables
  when: 2025-05-17 06:16:33.389172894 Z
- _id: 3
  _time: 2025-05-17 06:16:33.731342616 Z
  _version: 0.10.0/0.41.0/
  since: 2025-04-19 06:16:33.731649447 Z
  what: quality-of-service
  when: 2025-05-17 06:16:33.731576792 Z
