---
- added: 8
  cycles: 1
  deleted: 8
  inserted: 8
  seconds: 7.822734601
  version: 0.41.0
  what: judges-summary
  when: 2025-05-01 16:15:40.229772668 Z
- _id: 1
  _time: 2025-05-01 16:15:40.224278413 Z
  _version: 0.10.0/0.41.0/
  since: 2025-04-03 16:15:40.224461596 Z
  what: quality-of-service
  when: 2025-05-01 16:15:40.224423845 Z
- _id: 2
  _time: 2025-05-01 16:15:40.225778278 Z
  _version: 0.10.0/0.41.0/
  since: 2025-04-03 16:15:40.225944509 Z
  what: quantity-of-deliverables
  when: 2025-05-01 16:15:40.225876612 Z
- _id: 3
  _time: 2025-05-01 16:15:40.227042563 Z
  _version: 0.10.0/0.41.0/
  what: dimensions-of-terrain
  when: 2025-05-01 16:15:40.227234321 Z
