---
- added: 8
  cycles: 1
  deleted: 8
  inserted: 8
  seconds: 8.169650553
  version: 0.41.0
  what: judges-summary
  when: 2025-05-16 15:12:02.823783293 Z
- _id: 1
  _time: 2025-05-16 15:12:02.473554860 Z
  _version: 0.10.0/0.41.0/
  what: dimensions-of-terrain
  when: 2025-05-16 15:12:02.473701666 Z
- _id: 2
  _time: 2025-05-16 15:12:02.476811953 Z
  _version: 0.10.0/0.41.0/
  since: 2025-04-18 15:12:02.476947488 Z
  what: quantity-of-deliverables
  when: 2025-05-16 15:12:02.476914546 Z
- _id: 3
  _time: 2025-05-16 15:12:02.820891999 Z
  _version: 0.10.0/0.41.0/
  since: 2025-04-18 15:12:02.821062550 Z
  what: quality-of-service
  when: 2025-05-16 15:12:02.821025360 Z
