---
- added: 8
  cycles: 1
  deleted: 8
  inserted: 8
  seconds: 55.103864298
  version: 0.41.0
  what: judges-summary
  when: 2025-05-08 11:12:07.181794670 Z
- _id: 1
  _time: 2025-05-08 11:12:06.799318964 Z
  _version: 0.10.0/0.41.0/
  since: 2025-04-10 11:11:12.436943567 Z
  total_issues_created: 210
  total_pulls_submitted: 103
  what: quantity-of-deliverables
  when: 2025-05-08 11:11:12.436901348 Z
- _id: 2
  _time: 2025-05-08 11:12:07.178139565 Z
  _version: 0.10.0/0.41.0/
  what: dimensions-of-terrain
  when: 2025-05-08 11:12:07.178288363 Z
- _id: 3
  _time: 2025-05-08 11:12:07.179633547 Z
  _version: 0.10.0/0.41.0/
  since: 2025-04-10 11:12:07.179776054 Z
  what: quality-of-service
  when: 2025-05-08 11:12:07.179741189 Z
