---
- added: 8
  cycles: 1
  deleted: 8
  inserted: 8
  seconds: 13.66590315
  version: 0.41.0
  what: judges-summary
  when: 2025-05-06 14:13:17.490642861 Z
- _id: 1
  _time: 2025-05-06 14:13:17.480621350 Z
  _version: 0.10.0/0.41.0/
  since: 2025-04-08 14:13:17.480804188 Z
  what: quantity-of-deliverables
  when: 2025-05-06 14:13:17.480767650 Z
- _id: 2
  _time: 2025-05-06 14:13:17.486729117 Z
  _version: 0.10.0/0.41.0/
  what: dimensions-of-terrain
  when: 2025-05-06 14:13:17.486909590 Z
- _id: 3
  _time: 2025-05-06 14:13:17.488652779 Z
  _version: 0.10.0/0.41.0/
  since: 2025-04-08 14:13:17.488801694 Z
  what: quality-of-service
  when: 2025-05-06 14:13:17.488768442 Z
