---
- added: 8
  cycles: 1
  deleted: 8
  inserted: 8
  seconds: 17.672699433
  version: 0.41.0
  what: judges-summary
  when: 2025-05-13 19:10:52.840786903 Z
- _id: 1
  _time: 2025-05-13 19:10:52.506060705 Z
  _version: 0.10.0/0.41.0/
  since: 2025-04-15 19:10:52.506241181 Z
  what: quantity-of-deliverables
  when: 2025-05-13 19:10:52.506203992 Z
- _id: 2
  _time: 2025-05-13 19:10:52.837545687 Z
  _version: 0.10.0/0.41.0/
  since: 2025-04-15 19:10:52.837742654 Z
  what: quality-of-service
  when: 2025-05-13 19:10:52.837705244 Z
- _id: 3
  _time: 2025-05-13 19:10:52.839644240 Z
  _version: 0.10.0/0.41.0/
  what: dimensions-of-terrain
  when: 2025-05-13 19:10:52.839907741 Z
