---
- added: 8
  cycles: 1
  deleted: 8
  inserted: 8
  seconds: 17.69646055
  version: 0.41.0
  what: judges-summary
  when: 2025-05-07 07:13:24.993565387 Z
- _id: 1
  _time: 2025-05-07 07:13:24.982837911 Z
  _version: 0.10.0/0.41.0/
  since: 2025-04-09 07:13:24.983020169 Z
  what: quality-of-service
  when: 2025-05-07 07:13:24.982983201 Z
- _id: 2
  _time: 2025-05-07 07:13:24.984308338 Z
  _version: 0.10.0/0.41.0/
  since: 2025-04-09 07:13:24.984821439 Z
  what: quantity-of-deliverables
  when: 2025-05-07 07:13:24.984785662 Z
- _id: 3
  _time: 2025-05-07 07:13:24.992672461 Z
  _version: 0.10.0/0.41.0/
  what: dimensions-of-terrain
  when: 2025-05-07 07:13:24.992785501 Z
