---
- added: 8
  cycles: 1
  deleted: 8
  inserted: 8
  seconds: 11.297224553
  version: 0.41.0
  what: judges-summary
  when: 2025-05-24 03:34:19.317886323 Z
- _id: 1
  _time: 2025-05-24 03:34:18.962706060 Z
  _version: 0.10.0/0.41.0/
  total_contributors: 89
  what: dimensions-of-terrain
  when: 2025-05-24 03:34:08.352144593 Z
- _id: 2
  _time: 2025-05-24 03:34:19.307486482 Z
  _version: 0.10.0/0.41.0/
  since: 2025-04-26 03:34:19.307650757 Z
  what: quality-of-service
  when: 2025-05-24 03:34:19.307615001 Z
- _id: 3
  _time: 2025-05-24 03:34:19.308963073 Z
  _version: 0.10.0/0.41.0/
  since: 2025-04-26 03:34:19.309093996 Z
  what: quantity-of-deliverables
  when: 2025-05-24 03:34:19.309062197 Z
