---
- added: 8
  cycles: 1
  deleted: 8
  inserted: 8
  seconds: 7.842617332
  version: 0.41.0
  what: judges-summary
  when: 2025-05-16 21:11:34.584546774 Z
- _id: 1
  _time: 2025-05-16 21:11:34.247238539 Z
  _version: 0.10.0/0.41.0/
  total_forks: 323
  total_stars: 1588
  what: dimensions-of-terrain
  when: 2025-05-16 21:11:27.057968116 Z
- _id: 2
  _time: 2025-05-16 21:11:34.575937273 Z
  _version: 0.10.0/0.41.0/
  since: 2025-04-18 21:11:34.576091542 Z
  what: quality-of-service
  when: 2025-05-16 21:11:34.576056676 Z
- _id: 3
  _time: 2025-05-16 21:11:34.583482279 Z
  _version: 0.10.0/0.41.0/
  since: 2025-04-18 21:11:34.583618725 Z
  what: quantity-of-deliverables
  when: 2025-05-16 21:11:34.583586695 Z
