---
- added: 8
  cycles: 1
  deleted: 8
  inserted: 8
  seconds: 6.763779784
  version: 0.41.0
  what: judges-summary
  when: 2025-05-18 03:13:33.919132575 Z
- _id: 1
  _time: 2025-05-18 03:13:33.579096448 Z
  _version: 0.10.0/0.41.0/
  since: 2025-04-20 03:13:33.579277118 Z
  what: quality-of-service
  when: 2025-05-18 03:13:33.579240339 Z
- _id: 2
  _time: 2025-05-18 03:13:33.582855664 Z
  _version: 0.10.0/0.41.0/
  since: 2025-04-20 03:13:33.583010435 Z
  what: quantity-of-deliverables
  when: 2025-05-18 03:13:33.582959990 Z
- _id: 3
  _time: 2025-05-18 03:13:33.918119107 Z
  _version: 0.10.0/0.41.0/
  what: dimensions-of-terrain
  when: 2025-05-18 03:13:33.918244924 Z
