---
- added: 8
  cycles: 1
  deleted: 8
  inserted: 8
  seconds: 8.436295027
  version: 0.41.0
  what: judges-summary
  when: 2025-05-22 11:11:48.170343389 Z
- _id: 1
  _time: 2025-05-22 11:11:48.163977776 Z
  _version: 0.10.0/0.41.0/
  what: dimensions-of-terrain
  when: 2025-05-22 11:11:48.164166929 Z
- _id: 2
  _time: 2025-05-22 11:11:48.166801491 Z
  _version: 0.10.0/0.41.0/
  since: 2025-04-24 11:11:48.166942806 Z
  what: quality-of-service
  when: 2025-05-22 11:11:48.166908481 Z
- _id: 3
  _time: 2025-05-22 11:11:48.168867554 Z
  _version: 0.10.0/0.41.0/
  since: 2025-04-24 11:11:48.169000752 Z
  what: quantity-of-deliverables
  when: 2025-05-22 11:11:48.168968442 Z
