---
- added: 8
  cycles: 1
  deleted: 8
  inserted: 8
  seconds: 17.662347666
  version: 0.41.0
  what: judges-summary
  when: 2025-05-23 05:13:40.664043825 Z
- _id: 1
  _time: 2025-05-23 05:13:40.329388837 Z
  _version: 0.10.0/0.41.0/
  since: 2025-04-25 05:13:40.329568253 Z
  what: quality-of-service
  when: 2025-05-23 05:13:40.329531334 Z
- _id: 2
  _time: 2025-05-23 05:13:40.330861182 Z
  _version: 0.10.0/0.41.0/
  since: 2025-04-25 05:13:40.330992006 Z
  what: quantity-of-deliverables
  when: 2025-05-23 05:13:40.330960748 Z
- _id: 3
  _time: 2025-05-23 05:13:40.659853085 Z
  _version: 0.10.0/0.41.0/
  what: dimensions-of-terrain
  when: 2025-05-23 05:13:40.659973099 Z
