---
- added: 8
  cycles: 1
  deleted: 8
  inserted: 8
  seconds: 12.172761624
  version: 0.41.0
  what: judges-summary
  when: 2025-05-06 02:39:53.767434777 Z
- _id: 1
  _time: 2025-05-06 02:39:53.402364140 Z
  _version: 0.10.0/0.41.0/
  total_files: 4697
  what: dimensions-of-terrain
  when: 2025-05-06 02:39:41.916551148 Z
- _id: 2
  _time: 2025-05-06 02:39:53.405097383 Z
  _version: 0.10.0/0.41.0/
  since: 2025-04-08 02:39:53.405232355 Z
  what: quantity-of-deliverables
  when: 2025-05-06 02:39:53.405200295 Z
- _id: 3
  _time: 2025-05-06 02:39:53.415689567 Z
  _version: 0.10.0/0.41.0/
  since: 2025-04-08 02:39:53.415823507 Z
  what: quality-of-service
  when: 2025-05-06 02:39:53.415790385 Z
