---
- added: 8
  cycles: 1
  deleted: 8
  inserted: 8
  seconds: 16.83000747
  version: 0.41.0
  what: judges-summary
  when: 2025-05-10 02:26:00.557306795 Z
- _id: 1
  _time: 2025-05-10 02:26:00.200022324 Z
  _version: 0.10.0/0.41.0/
  total_forks: 318
  total_stars: 1573
  what: dimensions-of-terrain
  when: 2025-05-10 02:25:44.061759978 Z
- _id: 2
  _time: 2025-05-10 02:26:00.552182011 Z
  _version: 0.10.0/0.41.0/
  since: 2025-04-12 02:26:00.552500583 Z
  what: quality-of-service
  when: 2025-05-10 02:26:00.552429752 Z
- _id: 3
  _time: 2025-05-10 02:26:00.554965315 Z
  _version: 0.10.0/0.41.0/
  since: 2025-04-12 02:26:00.555104593 Z
  what: quantity-of-deliverables
  when: 2025-05-10 02:26:00.555071582 Z
