---
- added: 8
  cycles: 1
  deleted: 8
  inserted: 8
  seconds: 12.30488264
  version: 0.41.0
  what: judges-summary
  when: 2025-05-19 22:12:39.774422507 Z
- _id: 1
  _time: 2025-05-19 22:12:39.390342421 Z
  _version: 0.10.0/0.41.0/
  total_files: 4809
  what: dimensions-of-terrain
  when: 2025-05-19 22:12:27.808481872 Z
- _id: 2
  _time: 2025-05-19 22:12:39.396340333 Z
  _version: 0.10.0/0.41.0/
  since: 2025-04-21 22:12:39.396491588 Z
  what: quality-of-service
  when: 2025-05-19 22:12:39.396456221 Z
- _id: 3
  _time: 2025-05-19 22:12:39.772436788 Z
  _version: 0.10.0/0.41.0/
  since: 2025-04-21 22:12:39.772639299 Z
  what: quantity-of-deliverables
  when: 2025-05-19 22:12:39.772600426 Z
