---
- added: 8
  cycles: 1
  deleted: 8
  error: 'key not found: "data"'
  inserted: 8
  seconds: 8.874573829
  version: 0.41.0
  what: judges-summary
  when: 2025-05-09 14:12:50.784412224 Z
- _id: 1
  _time: 2025-05-09 14:12:42.241640934 Z
  _version: 0.10.0/0.41.0/
  what: dimensions-of-terrain
  when: 2025-05-09 14:12:42.241823665 Z
- _id: 2
  _time: 2025-05-09 14:12:50.775782812 Z
  _version: 0.10.0/0.41.0/
  since: 2025-04-11 14:12:50.775951116 Z
  what: quality-of-service
  when: 2025-05-09 14:12:50.775915710 Z
- _id: 3
  _time: 2025-05-09 14:12:50.779520910 Z
  _version: 0.10.0/0.41.0/
  since: 2025-04-11 14:12:50.779659388 Z
  what: quantity-of-deliverables
  when: 2025-05-09 14:12:50.779627078 Z
