---
- added: 8
  cycles: 1
  deleted: 8
  inserted: 8
  seconds: 14.611476225
  version: 0.41.0
  what: judges-summary
  when: 2025-05-18 07:11:43.141511282 Z
- _id: 1
  _time: 2025-05-18 07:11:42.786906939 Z
  _version: 0.10.0/0.41.0/
  total_contributors: 89
  what: dimensions-of-terrain
  when: 2025-05-18 07:11:28.857162603 Z
- _id: 2
  _time: 2025-05-18 07:11:42.797958149 Z
  _version: 0.10.0/0.41.0/
  since: 2025-04-20 07:11:42.798099261 Z
  what: quality-of-service
  when: 2025-05-18 07:11:42.798066059 Z
- _id: 3
  _time: 2025-05-18 07:11:43.139703141 Z
  _version: 0.10.0/0.41.0/
  since: 2025-04-20 07:11:43.139859192 Z
  what: quantity-of-deliverables
  when: 2025-05-18 07:11:43.139825639 Z
