---
- added: 8
  cycles: 1
  deleted: 8
  inserted: 8
  seconds: 7.210426486
  version: 0.41.0
  what: judges-summary
  when: 2025-04-30 23:12:27.419713323 Z
- _id: 1
  _time: 2025-04-30 23:12:27.091589822 Z
  _version: 0.10.0/0.41.0/
  since: 2025-04-02 23:12:27.091759801 Z
  what: quantity-of-deliverables
  when: 2025-04-30 23:12:27.091723433 Z
- _id: 2
  _time: 2025-04-30 23:12:27.412750345 Z
  _version: 0.10.0/0.41.0/
  what: dimensions-of-terrain
  when: 2025-04-30 23:12:27.412867926 Z
- _id: 3
  _time: 2025-04-30 23:12:27.417669743 Z
  _version: 0.10.0/0.41.0/
  since: 2025-04-02 23:12:27.417808553 Z
  what: quality-of-service
  when: 2025-04-30 23:12:27.417775301 Z
