---
- added: 8
  cycles: 1
  deleted: 8
  inserted: 8
  seconds: 10.13295975
  version: 0.41.0
  what: judges-summary
  when: 2025-05-15 20:14:29.991282814 Z
- _id: 1
  _time: 2025-05-15 20:14:29.642829459 Z
  _version: 0.10.0/0.41.0/
  total_repositories: 44
  what: dimensions-of-terrain
  when: 2025-05-15 20:14:20.194905845 Z
- _id: 2
  _time: 2025-05-15 20:14:29.649401871 Z
  _version: 0.10.0/0.41.0/
  since: 2025-04-17 20:14:29.649565255 Z
  what: quantity-of-deliverables
  when: 2025-05-15 20:14:29.649509081 Z
- _id: 3
  _time: 2025-05-15 20:14:29.652853280 Z
  _version: 0.10.0/0.41.0/
  since: 2025-04-17 20:14:29.652990094 Z
  what: quality-of-service
  when: 2025-05-15 20:14:29.652957324 Z
