---
- added: 8
  cycles: 1
  deleted: 8
  inserted: 8
  seconds: 21.327968875
  version: 0.41.0
  what: judges-summary
  when: 2025-05-13 08:18:07.936583647 Z
- _id: 1
  _time: 2025-05-13 08:18:07.553133310 Z
  _version: 0.10.0/0.41.0/
  total_releases: 601
  total_repositories: 44
  what: dimensions-of-terrain
  when: 2025-05-13 08:17:46.947951231 Z
- _id: 2
  _time: 2025-05-13 08:18:07.925797111 Z
  _version: 0.10.0/0.41.0/
  since: 2025-04-15 08:18:07.925962560 Z
  what: quantity-of-deliverables
  when: 2025-05-13 08:18:07.925928306 Z
- _id: 3
  _time: 2025-05-13 08:18:07.934926584 Z
  _version: 0.10.0/0.41.0/
  since: 2025-04-15 08:18:07.935076604 Z
  what: quality-of-service
  when: 2025-05-13 08:18:07.935044103 Z
