---
- added: 8
  cycles: 1
  deleted: 8
  inserted: 8
  seconds: 7.737682855
  version: 0.41.0
  what: judges-summary
  when: 2025-05-03 20:12:41.791610732 Z
- _id: 1
  _time: 2025-05-03 20:12:41.779526134 Z
  _version: 0.10.0/0.41.0/
  since: 2025-04-05 20:12:41.779736626 Z
  what: quality-of-service
  when: 2025-05-03 20:12:41.779696211 Z
- _id: 2
  _time: 2025-05-03 20:12:41.786444394 Z
  _version: 0.10.0/0.41.0/
  since: 2025-04-05 20:12:41.786582882 Z
  what: quantity-of-deliverables
  when: 2025-05-03 20:12:41.786550292 Z
- _id: 3
  _time: 2025-05-03 20:12:41.790610798 Z
  _version: 0.10.0/0.41.0/
  what: dimensions-of-terrain
  when: 2025-05-03 20:12:41.790754856 Z
