---
- added: 8
  cycles: 1
  deleted: 8
  inserted: 8
  seconds: 8.25145876
  version: 0.41.0
  what: judges-summary
  when: 2025-05-05 08:18:12.249384495 Z
- _id: 1
  _time: 2025-05-05 08:18:12.237575450 Z
  _version: 0.10.0/0.41.0/
  since: 2025-04-07 08:18:12.237765293 Z
  what: quality-of-service
  when: 2025-05-05 08:18:12.237725118 Z
- _id: 2
  _time: 2025-05-05 08:18:12.245868717 Z
  _version: 0.10.0/0.41.0/
  what: dimensions-of-terrain
  when: 2025-05-05 08:18:12.245974593 Z
- _id: 3
  _time: 2025-05-05 08:18:12.247300982 Z
  _version: 0.10.0/0.41.0/
  since: 2025-04-07 08:18:12.247434670 Z
  what: quantity-of-deliverables
  when: 2025-05-05 08:18:12.247401919 Z
