---
- added: 8
  cycles: 1
  deleted: 8
  inserted: 8
  seconds: 9.730943799
  version: 0.41.0
  what: judges-summary
  when: 2025-05-03 18:15:40.828602112 Z
- _id: 1
  _time: 2025-05-03 18:15:40.822509962 Z
  _version: 0.10.0/0.41.0/
  since: 2025-04-05 18:15:40.822721127 Z
  what: quality-of-service
  when: 2025-05-03 18:15:40.822680882 Z
- _id: 2
  _time: 2025-05-03 18:15:40.824658089 Z
  _version: 0.10.0/0.41.0/
  what: dimensions-of-terrain
  when: 2025-05-03 18:15:40.824770298 Z
- _id: 3
  _time: 2025-05-03 18:15:40.826205822 Z
  _version: 0.10.0/0.41.0/
  since: 2025-04-05 18:15:40.826344161 Z
  what: quantity-of-deliverables
  when: 2025-05-03 18:15:40.826310528 Z
