---
- added: 8
  cycles: 1
  deleted: 8
  inserted: 8
  seconds: 10.25113442
  version: 0.41.0
  what: judges-summary
  when: 2025-04-30 12:23:07.914970452 Z
- _id: 1
  _time: 2025-04-30 12:23:07.583454447 Z
  _version: 0.10.0/0.41.0/
  what: dimensions-of-terrain
  when: 2025-04-30 12:23:07.583600380 Z
- _id: 2
  _time: 2025-04-30 12:23:07.585958411 Z
  _version: 0.10.0/0.41.0/
  since: 2025-04-02 12:23:07.586092662 Z
  what: quantity-of-deliverables
  when: 2025-04-30 12:23:07.586059991 Z
- _id: 3
  _time: 2025-04-30 12:23:07.913876264 Z
  _version: 0.10.0/0.41.0/
  since: 2025-04-02 12:23:07.914029150 Z
  what: quality-of-service
  when: 2025-04-30 12:23:07.913995126 Z
