---
- added: 8
  cycles: 1
  deleted: 8
  inserted: 8
  seconds: 7.393680814
  version: 0.41.0
  what: judges-summary
  when: 2025-05-24 09:12:06.134724150 Z
- _id: 1
  _time: 2025-05-24 09:12:05.784603555 Z
  _version: 0.10.0/0.41.0/
  total_repositories: 44
  what: dimensions-of-terrain
  when: 2025-05-24 09:11:59.065954963 Z
- _id: 2
  _time: 2025-05-24 09:12:06.130771646 Z
  _version: 0.10.0/0.41.0/
  since: 2025-04-26 09:12:06.130949779 Z
  what: quality-of-service
  when: 2025-05-24 09:12:06.130910395 Z
- _id: 3
  _time: 2025-05-24 09:12:06.132619428 Z
  _version: 0.10.0/0.41.0/
  since: 2025-04-26 09:12:06.132765892 Z
  what: quantity-of-deliverables
  when: 2025-05-24 09:12:06.132730726 Z
