---
- added: 8
  cycles: 1
  deleted: 8
  inserted: 8
  seconds: 7.659362621
  version: 0.41.0
  what: judges-summary
  when: 2025-05-02 14:12:26.730247702 Z
- _id: 1
  _time: 2025-05-02 14:12:26.392141651 Z
  _version: 0.10.0/0.41.0/
  since: 2025-04-04 14:12:26.392327281 Z
  what: quantity-of-deliverables
  when: 2025-05-02 14:12:26.392291183 Z
- _id: 2
  _time: 2025-05-02 14:12:26.727636463 Z
  _version: 0.10.0/0.41.0/
  what: dimensions-of-terrain
  when: 2025-05-02 14:12:26.727767911 Z
- _id: 3
  _time: 2025-05-02 14:12:26.729228077 Z
  _version: 0.10.0/0.41.0/
  since: 2025-04-04 14:12:26.729363583 Z
  what: quality-of-service
  when: 2025-05-02 14:12:26.729330811 Z
