---
- added: 8
  cycles: 1
  deleted: 8
  inserted: 8
  seconds: 0.768918363
  version: 0.41.0
  what: judges-summary
  when: 2025-05-17 07:11:31.535085486 Z
- _id: 1
  _time: 2025-05-17 07:11:31.523289279 Z
  _version: 0.10.0/0.41.0/
  what: dimensions-of-terrain
  when: 2025-05-17 07:11:31.523438948 Z
- _id: 2
  _time: 2025-05-17 07:11:31.530640023 Z
  _version: 0.10.0/0.41.0/
  since: 2025-04-19 07:11:31.530802997 Z
  what: quantity-of-deliverables
  when: 2025-05-17 07:11:31.530764886 Z
- _id: 3
  _time: 2025-05-17 07:11:31.532195585 Z
  _version: 0.10.0/0.41.0/
  since: 2025-04-19 07:11:31.532348330 Z
  what: quality-of-service
  when: 2025-05-17 07:11:31.532309387 Z
