---
- added: 8
  cycles: 1
  deleted: 8
  inserted: 8
  seconds: 7.433173805
  version: 0.41.0
  what: judges-summary
  when: 2025-05-13 05:13:24.210830063 Z
- _id: 1
  _time: 2025-05-13 05:13:23.871672657 Z
  _version: 0.10.0/0.41.0/
  what: dimensions-of-terrain
  when: 2025-05-13 05:13:23.871855980 Z
- _id: 2
  _time: 2025-05-13 05:13:23.873942285 Z
  _version: 0.10.0/0.41.0/
  since: 2025-04-15 05:13:23.874079332 Z
  what: quantity-of-deliverables
  when: 2025-05-13 05:13:23.874045088 Z
- _id: 3
  _time: 2025-05-13 05:13:23.880331919 Z
  _version: 0.10.0/0.41.0/
  since: 2025-04-15 05:13:23.880467243 Z
  what: quality-of-service
  when: 2025-05-13 05:13:23.880434241 Z
