---
- added: 8
  cycles: 1
  deleted: 8
  inserted: 8
  seconds: 6.880569831
  version: 0.41.0
  what: judges-summary
  when: 2025-05-18 04:18:58.066770104 Z
- _id: 1
  _time: 2025-05-18 04:18:57.714692516 Z
  _version: 0.10.0/0.41.0/
  what: dimensions-of-terrain
  when: 2025-05-18 04:18:57.714840121 Z
- _id: 2
  _time: 2025-05-18 04:18:57.719258632 Z
  _version: 0.10.0/0.41.0/
  since: 2025-04-20 04:18:57.719395307 Z
  what: quantity-of-deliverables
  when: 2025-05-18 04:18:57.719362005 Z
- _id: 3
  _time: 2025-05-18 04:18:57.722024978 Z
  _version: 0.10.0/0.41.0/
  since: 2025-04-20 04:18:57.722165099 Z
  what: quality-of-service
  when: 2025-05-18 04:18:57.722133039 Z
