---
- added: 8
  cycles: 1
  deleted: 8
  inserted: 8
  seconds: 9.642064663
  version: 0.41.0
  what: judges-summary
  when: 2025-05-09 09:13:36.967827165 Z
- _id: 1
  _time: 2025-05-09 09:13:36.629504178 Z
  _version: 0.10.0/0.41.0/
  what: dimensions-of-terrain
  when: 2025-05-09 09:13:36.629646463 Z
- _id: 2
  _time: 2025-05-09 09:13:36.633892706 Z
  _version: 0.10.0/0.41.0/
  since: 2025-04-11 09:13:36.634025454 Z
  what: quality-of-service
  when: 2025-05-09 09:13:36.633993404 Z
- _id: 3
  _time: 2025-05-09 09:13:36.965029167 Z
  _version: 0.10.0/0.41.0/
  since: 2025-04-11 09:13:36.965180930 Z
  what: quantity-of-deliverables
  when: 2025-05-09 09:13:36.965147327 Z
