---
- added: 8
  cycles: 1
  deleted: 8
  inserted: 8
  seconds: 16.752028676
  version: 0.41.0
  what: judges-summary
  when: 2025-05-08 04:17:21.423249327 Z
- _id: 1
  _time: 2025-05-08 04:17:21.412788405 Z
  _version: 0.10.0/0.41.0/
  what: dimensions-of-terrain
  when: 2025-05-08 04:17:21.412932226 Z
- _id: 2
  _time: 2025-05-08 04:17:21.416963646 Z
  _version: 0.10.0/0.41.0/
  since: 2025-04-10 04:17:21.417221140 Z
  what: quality-of-service
  when: 2025-05-08 04:17:21.417162700 Z
- _id: 3
  _time: 2025-05-08 04:17:21.418585755 Z
  _version: 0.10.0/0.41.0/
  since: 2025-04-10 04:17:21.418724335 Z
  what: quantity-of-deliverables
  when: 2025-05-08 04:17:21.418690392 Z
