---
- added: 8
  cycles: 1
  deleted: 8
  inserted: 8
  seconds: 17.116645688
  version: 0.41.0
  what: judges-summary
  when: 2025-05-02 17:11:34.083713785 Z
- _id: 1
  _time: 2025-05-02 17:11:33.738014691 Z
  _version: 0.10.0/0.41.0/
  since: 2025-04-04 17:11:33.738245903 Z
  what: quantity-of-deliverables
  when: 2025-05-02 17:11:33.738183286 Z
- _id: 2
  _time: 2025-05-02 17:11:33.739815768 Z
  _version: 0.10.0/0.41.0/
  what: dimensions-of-terrain
  when: 2025-05-02 17:11:33.739916196 Z
- _id: 3
  _time: 2025-05-02 17:11:33.748519095 Z
  _version: 0.10.0/0.41.0/
  since: 2025-04-04 17:11:33.748652855 Z
  what: quality-of-service
  when: 2025-05-02 17:11:33.748620244 Z
