---
- added: 8
  cycles: 1
  deleted: 8
  inserted: 8
  seconds: 13.239482196
  version: 0.41.0
  what: judges-summary
  when: 2025-05-11 07:12:13.186873151 Z
- _id: 1
  _time: 2025-05-11 07:12:12.836033243 Z
  _version: 0.10.0/0.41.0/
  total_files: 4758
  what: dimensions-of-terrain
  when: 2025-05-11 07:12:00.270270196 Z
- _id: 2
  _time: 2025-05-11 07:12:12.838707759 Z
  _version: 0.10.0/0.41.0/
  since: 2025-04-13 07:12:12.838856197 Z
  what: quantity-of-deliverables
  when: 2025-05-11 07:12:12.838822374 Z
- _id: 3
  _time: 2025-05-11 07:12:13.179829265 Z
  _version: 0.10.0/0.41.0/
  since: 2025-04-13 07:12:13.179985337 Z
  what: quality-of-service
  when: 2025-05-11 07:12:13.179951344 Z
