---
- added: 8
  cycles: 1
  deleted: 8
  inserted: 8
  seconds: 7.587962389
  version: 0.41.0
  what: judges-summary
  when: 2025-05-14 11:11:18.982618650 Z
- _id: 1
  _time: 2025-05-14 11:11:18.646335842 Z
  _version: 0.10.0/0.41.0/
  what: dimensions-of-terrain
  when: 2025-05-14 11:11:18.646489887 Z
- _id: 2
  _time: 2025-05-14 11:11:18.980240981 Z
  _version: 0.10.0/0.41.0/
  since: 2025-04-16 11:11:18.980424231 Z
  what: quality-of-service
  when: 2025-05-14 11:11:18.980378847 Z
- _id: 3
  _time: 2025-05-14 11:11:18.981651086 Z
  _version: 0.10.0/0.41.0/
  since: 2025-04-16 11:11:18.981780065 Z
  what: quantity-of-deliverables
  when: 2025-05-14 11:11:18.981748637 Z
