---
- added: 8
  cycles: 1
  deleted: 8
  inserted: 8
  seconds: 15.571295718
  version: 0.41.0
  what: judges-summary
  when: 2025-05-08 02:42:43.057481635 Z
- _id: 1
  _time: 2025-05-08 02:42:42.698019992 Z
  _version: 0.10.0/0.41.0/
  total_contributors: 88
  what: dimensions-of-terrain
  when: 2025-05-08 02:42:27.816843019 Z
- _id: 2
  _time: 2025-05-08 02:42:42.700924898 Z
  _version: 0.10.0/0.41.0/
  since: 2025-04-10 02:42:42.701061542 Z
  what: quantity-of-deliverables
  when: 2025-05-08 02:42:42.701028301 Z
- _id: 3
  _time: 2025-05-08 02:42:42.704583126 Z
  _version: 0.10.0/0.41.0/
  since: 2025-04-10 02:42:42.704715943 Z
  what: quality-of-service
  when: 2025-05-08 02:42:42.704684094 Z
