---
- added: 8
  cycles: 1
  deleted: 8
  inserted: 8
  seconds: 9.767077841
  version: 0.41.0
  what: judges-summary
  when: 2025-05-04 15:11:31.989934874 Z
- _id: 1
  _time: 2025-05-04 15:11:31.982992762 Z
  _version: 0.10.0/0.41.0/
  since: 2025-04-06 15:11:31.983213603 Z
  what: quantity-of-deliverables
  when: 2025-05-04 15:11:31.983174801 Z
- _id: 2
  _time: 2025-05-04 15:11:31.985690842 Z
  _version: 0.10.0/0.41.0/
  since: 2025-04-06 15:11:31.985836233 Z
  what: quality-of-service
  when: 2025-05-04 15:11:31.985801218 Z
- _id: 3
  _time: 2025-05-04 15:11:31.987100631 Z
  _version: 0.10.0/0.41.0/
  what: dimensions-of-terrain
  when: 2025-05-04 15:11:31.987210495 Z
