---
- added: 8
  cycles: 1
  deleted: 8
  inserted: 8
  seconds: 7.510863503
  version: 0.41.0
  what: judges-summary
  when: 2025-05-04 21:11:17.244336086 Z
- _id: 1
  _time: 2025-05-04 21:11:17.229947086 Z
  _version: 0.10.0/0.41.0/
  what: dimensions-of-terrain
  when: 2025-05-04 21:11:17.230103517 Z
- _id: 2
  _time: 2025-05-04 21:11:17.233216103 Z
  _version: 0.10.0/0.41.0/
  since: 2025-04-06 21:11:17.233393544 Z
  what: quality-of-service
  when: 2025-05-04 21:11:17.233359521 Z
- _id: 3
  _time: 2025-05-04 21:11:17.241980208 Z
  _version: 0.10.0/0.41.0/
  since: 2025-04-06 21:11:17.242114699 Z
  what: quantity-of-deliverables
  when: 2025-05-04 21:11:17.242081807 Z
