---
- added: 8
  cycles: 1
  deleted: 8
  inserted: 8
  seconds: 14.438448138
  version: 0.41.0
  what: judges-summary
  when: 2025-05-08 06:19:06.121525306 Z
- _id: 1
  _time: 2025-05-08 06:19:06.108362141 Z
  _version: 0.10.0/0.41.0/
  since: 2025-04-10 06:19:06.108553288 Z
  what: quality-of-service
  when: 2025-05-08 06:19:06.108514526 Z
- _id: 2
  _time: 2025-05-08 06:19:06.115016065 Z
  _version: 0.10.0/0.41.0/
  what: dimensions-of-terrain
  when: 2025-05-08 06:19:06.115124968 Z
- _id: 3
  _time: 2025-05-08 06:19:06.119507599 Z
  _version: 0.10.0/0.41.0/
  since: 2025-04-10 06:19:06.119646438 Z
  what: quantity-of-deliverables
  when: 2025-05-08 06:19:06.119612785 Z
