---
- added: 8
  cycles: 1
  deleted: 8
  error: 'Judge quality-of-service stopped by timeout after 3m0s: execution expired'
  inserted: 8
  seconds: 180.353840771
  version: 0.41.0
  what: judges-summary
  when: 2025-05-02 02:40:59.474948707 Z
- _id: 1
  _time: 2025-05-02 02:37:59.461365714 Z
  _version: 0.10.0/0.41.0/
  since: 2025-04-04 02:37:59.461620580 Z
  what: quality-of-service
  when: 2025-05-02 02:37:59.461576628 Z
- _id: 2
  _time: 2025-05-02 02:40:59.128332065 Z
  _version: 0.10.0/0.41.0/
  since: 2025-04-04 02:40:59.128500029 Z
  what: quantity-of-deliverables
  when: 2025-05-02 02:40:59.128461808 Z
- _id: 3
  _time: 2025-05-02 02:40:59.130104034 Z
  _version: 0.10.0/0.41.0/
  what: dimensions-of-terrain
  when: 2025-05-02 02:40:59.130208940 Z
