---
- added: 8
  cycles: 1
  deleted: 8
  inserted: 8
  seconds: 8.855498121
  version: 0.41.0
  what: judges-summary
  when: 2025-05-07 21:11:47.955497828 Z
- _id: 1
  _time: 2025-05-07 21:11:47.610029952 Z
  _version: 0.10.0/0.41.0/
  total_forks: 318
  total_stars: 1572
  what: dimensions-of-terrain
  when: 2025-05-07 21:11:39.421722561 Z
- _id: 2
  _time: 2025-05-07 21:11:47.613049477 Z
  _version: 0.10.0/0.41.0/
  since: 2025-04-09 21:11:47.613412423 Z
  what: quality-of-service
  when: 2025-05-07 21:11:47.613161035 Z
- _id: 3
  _time: 2025-05-07 21:11:47.954512895 Z
  _version: 0.10.0/0.41.0/
  since: 2025-04-09 21:11:47.954667603 Z
  what: quantity-of-deliverables
  when: 2025-05-07 21:11:47.954633439 Z
