---
- added: 8
  cycles: 1
  deleted: 8
  error: 'key not found: "data"'
  inserted: 8
  seconds: 17.983873755
  version: 0.41.0
  what: judges-summary
  when: 2025-05-17 14:10:53.144426772 Z
- _id: 1
  _time: 2025-05-17 14:10:35.476763331 Z
  _version: 0.10.0/0.41.0/
  what: dimensions-of-terrain
  when: 2025-05-17 14:10:35.476906128 Z
- _id: 2
  _time: 2025-05-17 14:10:53.125253559 Z
  _version: 0.10.0/0.41.0/
  since: 2025-04-19 14:10:53.125421303 Z
  what: quantity-of-deliverables
  when: 2025-05-17 14:10:53.125387369 Z
- _id: 3
  _time: 2025-05-17 14:10:53.143455715 Z
  _version: 0.10.0/0.41.0/
  since: 2025-04-19 14:10:53.143598042 Z
  what: quality-of-service
  when: 2025-05-17 14:10:53.143565551 Z
