---
- added: 8
  cycles: 1
  deleted: 8
  inserted: 8
  seconds: 9.467256917
  version: 0.41.0
  what: judges-summary
  when: 2025-05-10 19:09:44.382201561 Z
- _id: 1
  _time: 2025-05-10 19:09:44.025792257 Z
  _version: 0.10.0/0.41.0/
  since: 2025-04-12 19:09:44.025976051 Z
  what: quantity-of-deliverables
  when: 2025-05-10 19:09:44.025938691 Z
- _id: 2
  _time: 2025-05-10 19:09:44.027240578 Z
  _version: 0.10.0/0.41.0/
  since: 2025-04-12 19:09:44.027373818 Z
  what: quality-of-service
  when: 2025-05-10 19:09:44.027341207 Z
- _id: 3
  _time: 2025-05-10 19:09:44.374718640 Z
  _version: 0.10.0/0.41.0/
  what: dimensions-of-terrain
  when: 2025-05-10 19:09:44.374961404 Z
