---
- added: 8
  cycles: 1
  deleted: 8
  inserted: 8
  seconds: 84.687182774
  version: 0.41.0
  what: judges-summary
  when: 2025-04-30 20:15:12.816912290 Z
- _id: 1
  _time: 2025-04-30 20:15:12.452409477 Z
  _version: 0.10.0/0.41.0/
  since: 2025-04-02 20:13:48.459248555 Z
  total_issues_created: 157
  total_pulls_submitted: 85
  what: quantity-of-deliverables
  when: 2025-04-30 20:13:48.459209221 Z
- _id: 2
  _time: 2025-04-30 20:15:12.458556474 Z
  _version: 0.10.0/0.41.0/
  what: dimensions-of-terrain
  when: 2025-04-30 20:15:12.458657092 Z
- _id: 3
  _time: 2025-04-30 20:15:12.813453054 Z
  _version: 0.10.0/0.41.0/
  since: 2025-04-02 20:15:12.813617782 Z
  what: quality-of-service
  when: 2025-04-30 20:15:12.813583558 Z
