---
- added: 8
  cycles: 1
  deleted: 8
  inserted: 8
  seconds: 7.867031531
  version: 0.41.0
  what: judges-summary
  when: 2025-05-13 18:17:57.132436057 Z
- _id: 1
  _time: 2025-05-13 18:17:56.776880560 Z
  _version: 0.10.0/0.41.0/
  since: 2025-04-15 18:17:56.777063804 Z
  what: quantity-of-deliverables
  when: 2025-05-13 18:17:56.777025813 Z
- _id: 2
  _time: 2025-05-13 18:17:56.782960059 Z
  _version: 0.10.0/0.41.0/
  what: dimensions-of-terrain
  when: 2025-05-13 18:17:56.783066348 Z
- _id: 3
  _time: 2025-05-13 18:17:57.131265330 Z
  _version: 0.10.0/0.41.0/
  since: 2025-04-15 18:17:57.131442452 Z
  what: quality-of-service
  when: 2025-05-13 18:17:57.131404672 Z
