---
- added: 8
  cycles: 1
  deleted: 8
  inserted: 8
  seconds: 17.847716306
  version: 0.41.0
  what: judges-summary
  when: 2025-05-05 21:11:57.922388755 Z
- _id: 1
  _time: 2025-05-05 21:11:57.576578807 Z
  _version: 0.10.0/0.41.0/
  total_releases: 598
  what: dimensions-of-terrain
  when: 2025-05-05 21:11:40.398841911 Z
- _id: 2
  _time: 2025-05-05 21:11:57.918949908 Z
  _version: 0.10.0/0.41.0/
  since: 2025-04-07 21:11:57.919114664 Z
  what: quality-of-service
  when: 2025-05-05 21:11:57.919079419 Z
- _id: 3
  _time: 2025-05-05 21:11:57.920550954 Z
  _version: 0.10.0/0.41.0/
  since: 2025-04-07 21:11:57.920687569 Z
  what: quantity-of-deliverables
  when: 2025-05-05 21:11:57.920655068 Z
