---
- added: 8
  cycles: 1
  deleted: 8
  inserted: 8
  seconds: 9.687503299
  version: 0.41.0
  what: judges-summary
  when: 2025-05-02 03:36:37.997442050 Z
- _id: 1
  _time: 2025-05-02 03:36:37.991542892 Z
  _version: 0.10.0/0.41.0/
  since: 2025-04-04 03:36:37.991735512 Z
  what: quality-of-service
  when: 2025-05-02 03:36:37.991695627 Z
- _id: 2
  _time: 2025-05-02 03:36:37.994799853 Z
  _version: 0.10.0/0.41.0/
  since: 2025-04-04 03:36:37.994991300 Z
  what: quantity-of-deliverables
  when: 2025-05-02 03:36:37.994956465 Z
- _id: 3
  _time: 2025-05-02 03:36:37.996287788 Z
  _version: 0.10.0/0.41.0/
  what: dimensions-of-terrain
  when: 2025-05-02 03:36:37.996393425 Z
