---
- added: 8
  cycles: 1
  deleted: 8
  inserted: 8
  seconds: 6.477909743
  version: 0.41.0
  what: judges-summary
  when: 2025-05-18 19:09:43.098937109 Z
- _id: 1
  _time: 2025-05-18 19:09:43.088006902 Z
  _version: 0.10.0/0.41.0/
  since: 2025-04-20 19:09:43.088183512 Z
  what: quality-of-service
  when: 2025-05-18 19:09:43.088147004 Z
- _id: 2
  _time: 2025-05-18 19:09:43.089556790 Z
  _version: 0.10.0/0.41.0/
  since: 2025-04-20 19:09:43.089688316 Z
  what: quantity-of-deliverables
  when: 2025-05-18 19:09:43.089656145 Z
- _id: 3
  _time: 2025-05-18 19:09:43.095067896 Z
  _version: 0.10.0/0.41.0/
  what: dimensions-of-terrain
  when: 2025-05-18 19:09:43.095169416 Z
