---
- added: 8
  cycles: 1
  deleted: 8
  error: 'Judge quality-of-service stopped by timeout after 3m0s: execution expired'
  inserted: 8
  seconds: 180.364482242
  version: 0.41.0
  what: judges-summary
  when: 2025-05-05 15:16:18.505946157 Z
- _id: 1
  _time: 2025-05-05 15:13:18.474111720 Z
  _version: 0.10.0/0.41.0/
  since: 2025-04-07 15:13:18.474361915 Z
  what: quality-of-service
  when: 2025-05-05 15:13:18.474322402 Z
- _id: 2
  _time: 2025-05-05 15:16:18.145223773 Z
  _version: 0.10.0/0.41.0/
  since: 2025-04-07 15:16:18.146165211 Z
  what: quantity-of-deliverables
  when: 2025-05-05 15:16:18.145419637 Z
- _id: 3
  _time: 2025-05-05 15:16:18.150781540 Z
  _version: 0.10.0/0.41.0/
  what: dimensions-of-terrain
  when: 2025-05-05 15:16:18.150891033 Z
