---
- added: 8
  cycles: 1
  deleted: 8
  inserted: 8
  seconds: 20.281343231
  version: 0.41.0
  what: judges-summary
  when: 2025-05-08 20:14:38.118405897 Z
- _id: 1
  _time: 2025-05-08 20:14:37.694683903 Z
  _version: 0.10.0/0.41.0/
  average_release_commits_size: 95.5
  average_release_hoc_size: 2193.5
  since: 2025-04-10 20:14:18.170610362 Z
  what: quality-of-service
  when: 2025-05-08 20:14:18.170571068 Z
- _id: 2
  _time: 2025-05-08 20:14:38.112792273 Z
  _version: 0.10.0/0.41.0/
  since: 2025-04-10 20:14:38.112976269 Z
  what: quantity-of-deliverables
  when: 2025-05-08 20:14:38.112938017 Z
- _id: 3
  _time: 2025-05-08 20:14:38.114328647 Z
  _version: 0.10.0/0.41.0/
  what: dimensions-of-terrain
  when: 2025-05-08 20:14:38.114443052 Z
