---
- added: 8
  cycles: 1
  deleted: 8
  inserted: 8
  seconds: 9.507656585
  version: 0.41.0
  what: judges-summary
  when: 2025-05-20 02:45:04.221309791 Z
- _id: 1
  _time: 2025-05-20 02:45:03.870490574 Z
  _version: 0.10.0/0.41.0/
  since: 2025-04-22 02:45:03.870672254 Z
  what: quality-of-service
  when: 2025-05-20 02:45:03.870635625 Z
- _id: 2
  _time: 2025-05-20 02:45:03.871823885 Z
  _version: 0.10.0/0.41.0/
  what: dimensions-of-terrain
  when: 2025-05-20 02:45:03.871923721 Z
- _id: 3
  _time: 2025-05-20 02:45:04.220169385 Z
  _version: 0.10.0/0.41.0/
  since: 2025-04-22 02:45:04.220400556 Z
  what: quantity-of-deliverables
  when: 2025-05-20 02:45:04.220301892 Z
