---
- added: 8
  cycles: 1
  deleted: 8
  error: 'Judge quality-of-service stopped by timeout after 3m0s: execution expired'
  inserted: 8
  seconds: 180.699336864
  version: 0.41.0
  what: judges-summary
  when: 2025-05-23 11:13:51.894216187 Z
- _id: 1
  _time: 2025-05-23 11:10:51.537856151 Z
  _version: 0.10.0/0.41.0/
  since: 2025-04-25 11:10:51.538089500 Z
  what: quality-of-service
  when: 2025-05-23 11:10:51.538047451 Z
- _id: 2
  _time: 2025-05-23 11:13:51.537909302 Z
  _version: 0.10.0/0.41.0/
  what: dimensions-of-terrain
  when: 2025-05-23 11:13:51.538044867 Z
- _id: 3
  _time: 2025-05-23 11:13:51.546488175 Z
  _version: 0.10.0/0.41.0/
  since: 2025-04-25 11:13:51.546626586 Z
  what: quantity-of-deliverables
  when: 2025-05-23 11:13:51.546592482 Z
