---
- added: 8
  cycles: 1
  deleted: 8
  inserted: 8
  seconds: 9.419368992
  version: 0.41.0
  what: judges-summary
  when: 2025-05-03 04:14:46.901676232 Z
- _id: 1
  _time: 2025-05-03 04:14:46.892451126 Z
  _version: 0.10.0/0.41.0/
  since: 2025-04-05 04:14:46.892627945 Z
  what: quantity-of-deliverables
  when: 2025-05-03 04:14:46.892590475 Z
- _id: 2
  _time: 2025-05-03 04:14:46.894872298 Z
  _version: 0.10.0/0.41.0/
  what: dimensions-of-terrain
  when: 2025-05-03 04:14:46.894988525 Z
- _id: 3
  _time: 2025-05-03 04:14:46.899865023 Z
  _version: 0.10.0/0.41.0/
  since: 2025-04-05 04:14:46.900015794 Z
  what: quality-of-service
  when: 2025-05-03 04:14:46.899980969 Z
