---
- added: 8
  cycles: 1
  deleted: 8
  inserted: 8
  seconds: 6.630494714
  version: 0.41.0
  what: judges-summary
  when: 2025-05-05 01:01:41.388495050 Z
- _id: 1
  _time: 2025-05-05 01:01:41.045522145 Z
  _version: 0.10.0/0.41.0/
  what: dimensions-of-terrain
  when: 2025-05-05 01:01:41.045666164 Z
- _id: 2
  _time: 2025-05-05 01:01:41.048861661 Z
  _version: 0.10.0/0.41.0/
  since: 2025-04-07 01:01:41.049022751 Z
  what: quality-of-service
  when: 2025-05-05 01:01:41.048989168 Z
- _id: 3
  _time: 2025-05-05 01:01:41.050406645 Z
  _version: 0.10.0/0.41.0/
  since: 2025-04-07 01:01:41.050541477 Z
  what: quantity-of-deliverables
  when: 2025-05-05 01:01:41.050508936 Z
