---
- added: 8
  cycles: 1
  deleted: 8
  inserted: 8
  seconds: 7.49324389
  version: 0.41.0
  what: judges-summary
  when: 2025-05-24 20:13:12.194224705 Z
- _id: 1
  _time: 2025-05-24 20:13:11.853956347 Z
  _version: 0.10.0/0.41.0/
  since: 2025-04-26 20:13:11.854179615 Z
  what: quantity-of-deliverables
  when: 2025-05-24 20:13:11.854137787 Z
- _id: 2
  _time: 2025-05-24 20:13:11.855452137 Z
  _version: 0.10.0/0.41.0/
  what: dimensions-of-terrain
  when: 2025-05-24 20:13:11.855564397 Z
- _id: 3
  _time: 2025-05-24 20:13:11.856925235 Z
  _version: 0.10.0/0.41.0/
  since: 2025-04-26 20:13:11.857098229 Z
  what: quality-of-service
  when: 2025-05-24 20:13:11.857061079 Z
