---
- added: 8
  cycles: 1
  deleted: 8
  inserted: 8
  seconds: 16.500484713
  version: 0.41.0
  what: judges-summary
  when: 2025-05-15 09:14:00.702776219 Z
- _id: 1
  _time: 2025-05-15 09:14:00.339405135 Z
  _version: 0.10.0/0.41.0/
  since: 2025-04-17 09:13:44.522970651 Z
  total_issues_created: 210
  total_pulls_submitted: 96
  what: quantity-of-deliverables
  when: 2025-05-15 09:13:44.522930095 Z
- _id: 2
  _time: 2025-05-15 09:14:00.349990627 Z
  _version: 0.10.0/0.41.0/
  since: 2025-04-17 09:14:00.350126812 Z
  what: quality-of-service
  when: 2025-05-15 09:14:00.350094412 Z
- _id: 3
  _time: 2025-05-15 09:14:00.351510035 Z
  _version: 0.10.0/0.41.0/
  what: dimensions-of-terrain
  when: 2025-05-15 09:14:00.351717384 Z
