---
- added: 8
  cycles: 1
  deleted: 8
  inserted: 8
  seconds: 7.77010183
  version: 0.41.0
  what: judges-summary
  when: 2025-05-03 05:12:17.250751462 Z
- _id: 1
  _time: 2025-05-03 05:12:16.909858775 Z
  _version: 0.10.0/0.41.0/
  since: 2025-04-05 05:12:16.910061334 Z
  what: quantity-of-deliverables
  when: 2025-05-03 05:12:16.910020017 Z
- _id: 2
  _time: 2025-05-03 05:12:17.245808288 Z
  _version: 0.10.0/0.41.0/
  what: dimensions-of-terrain
  when: 2025-05-03 05:12:17.245933733 Z
- _id: 3
  _time: 2025-05-03 05:12:17.248457791 Z
  _version: 0.10.0/0.41.0/
  since: 2025-04-05 05:12:17.248591742 Z
  what: quality-of-service
  when: 2025-05-03 05:12:17.248559501 Z
