---
- added: 8
  cycles: 1
  deleted: 8
  inserted: 8
  seconds: 109.095602979
  version: 0.41.0
  what: judges-summary
  when: 2025-05-10 15:13:52.994078851 Z
- _id: 1
  _time: 2025-05-10 15:13:52.636531151 Z
  _version: 0.10.0/0.41.0/
  average_triage_time: 0
  since: 2025-04-12 15:12:04.230332367 Z
  what: quality-of-service
  when: 2025-05-10 15:12:04.230295669 Z
- _id: 2
  _time: 2025-05-10 15:13:52.643594310 Z
  _version: 0.10.0/0.41.0/
  since: 2025-04-12 15:13:52.643731576 Z
  what: quantity-of-deliverables
  when: 2025-05-10 15:13:52.643700317 Z
- _id: 3
  _time: 2025-05-10 15:13:52.992041535 Z
  _version: 0.10.0/0.41.0/
  what: dimensions-of-terrain
  when: 2025-05-10 15:13:52.992163563 Z
