---
- added: 8
  cycles: 1
  deleted: 8
  inserted: 8
  seconds: 8.964616
  version: 0.41.0
  what: judges-summary
  when: 2025-05-07 09:14:09.363939595 Z
- _id: 1
  _time: 2025-05-07 09:14:09.012693197 Z
  _version: 0.10.0/0.41.0/
  since: 2025-04-09 09:14:09.012874686 Z
  what: quantity-of-deliverables
  when: 2025-05-07 09:14:09.012837957 Z
- _id: 2
  _time: 2025-05-07 09:14:09.361399725 Z
  _version: 0.10.0/0.41.0/
  what: dimensions-of-terrain
  when: 2025-05-07 09:14:09.361578559 Z
- _id: 3
  _time: 2025-05-07 09:14:09.362872213 Z
  _version: 0.10.0/0.41.0/
  since: 2025-04-09 09:14:09.363011473 Z
  what: quality-of-service
  when: 2025-05-07 09:14:09.362978081 Z
