---
- added: 8
  cycles: 1
  deleted: 8
  inserted: 8
  seconds: 17.07632044
  version: 0.41.0
  what: judges-summary
  when: 2025-05-08 23:13:05.096630213 Z
- _id: 1
  _time: 2025-05-08 23:13:04.763292077 Z
  _version: 0.10.0/0.41.0/
  what: dimensions-of-terrain
  when: 2025-05-08 23:13:04.763442038 Z
- _id: 2
  _time: 2025-05-08 23:13:05.094173130 Z
  _version: 0.10.0/0.41.0/
  since: 2025-04-10 23:13:05.094338701 Z
  what: quality-of-service
  when: 2025-05-08 23:13:05.094303415 Z
- _id: 3
  _time: 2025-05-08 23:13:05.095596901 Z
  _version: 0.10.0/0.41.0/
  since: 2025-04-10 23:13:05.095727235 Z
  what: quantity-of-deliverables
  when: 2025-05-08 23:13:05.095695856 Z
