---
- added: 8
  cycles: 1
  deleted: 8
  inserted: 8
  seconds: 13.31986598
  version: 0.41.0
  what: judges-summary
  when: 2025-04-30 21:12:09.469758563 Z
- _id: 1
  _time: 2025-04-30 21:12:09.107946772 Z
  _version: 0.10.0/0.41.0/
  since: 2025-04-02 21:11:56.494623440 Z
  total_releases_published: 9
  what: quantity-of-deliverables
  when: 2025-04-30 21:11:56.494580520 Z
- _id: 2
  _time: 2025-04-30 21:12:09.113814059 Z
  _version: 0.10.0/0.41.0/
  since: 2025-04-02 21:12:09.113956204 Z
  what: quality-of-service
  when: 2025-04-30 21:12:09.113921670 Z
- _id: 3
  _time: 2025-04-30 21:12:09.119824338 Z
  _version: 0.10.0/0.41.0/
  what: dimensions-of-terrain
  when: 2025-04-30 21:12:09.119926709 Z
