---
- added: 8
  cycles: 1
  deleted: 8
  inserted: 8
  seconds: 7.791478084
  version: 0.41.0
  what: judges-summary
  when: 2025-05-06 20:14:17.068124754 Z
- _id: 1
  _time: 2025-05-06 20:14:17.055146882 Z
  _version: 0.10.0/0.41.0/
  what: dimensions-of-terrain
  when: 2025-05-06 20:14:17.055300279 Z
- _id: 2
  _time: 2025-05-06 20:14:17.060945390 Z
  _version: 0.10.0/0.41.0/
  since: 2025-04-08 20:14:17.061140605 Z
  what: quality-of-service
  when: 2025-05-06 20:14:17.061104518 Z
- _id: 3
  _time: 2025-05-06 20:14:17.062637268 Z
  _version: 0.10.0/0.41.0/
  since: 2025-04-08 20:14:17.062811284 Z
  what: quantity-of-deliverables
  when: 2025-05-06 20:14:17.062775396 Z
