---
- added: 8
  cycles: 1
  deleted: 8
  inserted: 8
  seconds: 9.337181753
  version: 0.41.0
  what: judges-summary
  when: 2025-05-10 00:57:03.539872548 Z
- _id: 1
  _time: 2025-05-10 00:57:03.205641215 Z
  _version: 0.10.0/0.41.0/
  since: 2025-04-12 00:57:03.205820432 Z
  what: quantity-of-deliverables
  when: 2025-05-10 00:57:03.205782510 Z
- _id: 2
  _time: 2025-05-10 00:57:03.206859142 Z
  _version: 0.10.0/0.41.0/
  what: dimensions-of-terrain
  when: 2025-05-10 00:57:03.206960883 Z
- _id: 3
  _time: 2025-05-10 00:57:03.537217794 Z
  _version: 0.10.0/0.41.0/
  since: 2025-04-12 00:57:03.537371933 Z
  what: quality-of-service
  when: 2025-05-10 00:57:03.537337749 Z
