---
- added: 8
  cycles: 1
  deleted: 8
  inserted: 8
  seconds: 157.24738704
  version: 0.41.0
  what: judges-summary
  when: 2025-05-07 06:20:52.261354588 Z
- _id: 1
  _time: 2025-05-07 06:20:51.914612799 Z
  _version: 0.10.0/0.41.0/
  average_triage_time: 0
  since: 2025-04-09 06:18:15.346960045 Z
  what: quality-of-service
  when: 2025-05-07 06:18:15.346915812 Z
- _id: 2
  _time: 2025-05-07 06:20:51.921682210 Z
  _version: 0.10.0/0.41.0/
  what: dimensions-of-terrain
  when: 2025-05-07 06:20:51.921786246 Z
- _id: 3
  _time: 2025-05-07 06:20:51.923928646 Z
  _version: 0.10.0/0.41.0/
  since: 2025-04-09 06:20:51.924066574 Z
  what: quantity-of-deliverables
  when: 2025-05-07 06:20:51.924035266 Z
