---
- added: 8
  cycles: 1
  deleted: 8
  inserted: 8
  seconds: 7.888689341
  version: 0.41.0
  what: judges-summary
  when: 2025-05-16 01:00:24.626529558 Z
- _id: 1
  _time: 2025-05-16 01:00:24.273500867 Z
  _version: 0.10.0/0.41.0/
  total_forks: 323
  total_stars: 1588
  what: dimensions-of-terrain
  when: 2025-05-16 01:00:17.066641507 Z
- _id: 2
  _time: 2025-05-16 01:00:24.276317204 Z
  _version: 0.10.0/0.41.0/
  since: 2025-04-18 01:00:24.276481601 Z
  what: quantity-of-deliverables
  when: 2025-05-16 01:00:24.276446665 Z
- _id: 3
  _time: 2025-05-16 01:00:24.277736573 Z
  _version: 0.10.0/0.41.0/
  since: 2025-04-18 01:00:24.277905468 Z
  what: quality-of-service
  when: 2025-05-16 01:00:24.277871676 Z
