---
- added: 8
  cycles: 1
  deleted: 8
  inserted: 8
  seconds: 10.153048614
  version: 0.41.0
  what: judges-summary
  when: 2025-05-16 16:15:20.526050815 Z
- _id: 1
  _time: 2025-05-16 16:15:20.180760433 Z
  _version: 0.10.0/0.41.0/
  latest: 0
  repository: 492899189
  what: labels-were-scanned
  where: github
- _id: 2
  _time: 2025-05-16 16:15:20.183224180 Z
  _version: 0.10.0/0.41.0/
  latest: 0
  repository: 955159947
  what: labels-were-scanned
  where: github
- _id: 3
  _time: 2025-05-16 16:15:20.187493648 Z
  _version: 0.10.0/0.41.0/
  what: dimensions-of-terrain
  when: 2025-05-16 16:15:20.187598473 Z
- _id: 4
  _time: 2025-05-16 16:15:20.189831982 Z
  _version: 0.10.0/0.41.0/
  since: 2025-04-18 16:15:20.189999704 Z
  what: quantity-of-deliverables
  when: 2025-05-16 16:15:20.189964528 Z
- _id: 5
  _time: 2025-05-16 16:15:20.194949960 Z
  _version: 0.10.0/0.41.0/
  since: 2025-04-18 16:15:20.195087266 Z
  what: quality-of-service
  when: 2025-05-16 16:15:20.195053993 Z
