---
- added: 8
  cycles: 1
  deleted: 8
  inserted: 8
  seconds: 17.982215532
  version: 0.41.0
  what: judges-summary
  when: 2025-05-01 17:11:43.563221930 Z
- _id: 1
  _time: 2025-05-01 17:11:43.549205187 Z
  _version: 0.10.0/0.41.0/
  what: dimensions-of-terrain
  when: 2025-05-01 17:11:43.549356359 Z
- _id: 2
  _time: 2025-05-01 17:11:43.551568736 Z
  _version: 0.10.0/0.41.0/
  since: 2025-04-03 17:11:43.551703076 Z
  what: quantity-of-deliverables
  when: 2025-05-01 17:11:43.551670525 Z
- _id: 3
  _time: 2025-05-01 17:11:43.555289528 Z
  _version: 0.10.0/0.41.0/
  since: 2025-04-03 17:11:43.555593595 Z
  what: quality-of-service
  when: 2025-05-01 17:11:43.555525599 Z
