---
- added: 8
  cycles: 1
  deleted: 8
  inserted: 8
  seconds: 22.667408419
  version: 0.41.0
  what: judges-summary
  when: 2025-05-12 15:14:51.194087781 Z
- _id: 1
  _time: 2025-05-12 15:14:51.187244364 Z
  _version: 0.10.0/0.41.0/
  since: 2025-04-14 15:14:51.187438715 Z
  what: quality-of-service
  when: 2025-05-12 15:14:51.187399122 Z
- _id: 2
  _time: 2025-05-12 15:14:51.190893851 Z
  _version: 0.10.0/0.41.0/
  what: dimensions-of-terrain
  when: 2025-05-12 15:14:51.191002493 Z
- _id: 3
  _time: 2025-05-12 15:14:51.193109926 Z
  _version: 0.10.0/0.41.0/
  since: 2025-04-14 15:14:51.193278278 Z
  what: quantity-of-deliverables
  when: 2025-05-12 15:14:51.193242201 Z
