---
- added: 8
  cycles: 1
  deleted: 8
  inserted: 8
  seconds: 7.123524681
  version: 0.41.0
  what: judges-summary
  when: 2025-05-16 22:12:11.229321134 Z
- _id: 1
  _time: 2025-05-16 22:12:11.220489389 Z
  _version: 0.10.0/0.41.0/
  what: dimensions-of-terrain
  when: 2025-05-16 22:12:11.220647855 Z
- _id: 2
  _time: 2025-05-16 22:12:11.224320335 Z
  _version: 0.10.0/0.41.0/
  since: 2025-04-18 22:12:11.224454896 Z
  what: quantity-of-deliverables
  when: 2025-05-16 22:12:11.224421574 Z
- _id: 3
  _time: 2025-05-16 22:12:11.226971958 Z
  _version: 0.10.0/0.41.0/
  since: 2025-04-18 22:12:11.227106950 Z
  what: quality-of-service
  when: 2025-05-16 22:12:11.227073728 Z
