---
- added: 8
  cycles: 1
  deleted: 8
  error: 'key not found: "data"'
  inserted: 8
  seconds: 7.4919665
  version: 0.41.0
  what: judges-summary
  when: 2025-05-03 06:16:23.028831573 Z
- _id: 1
  _time: 2025-05-03 06:16:15.865382178 Z
  _version: 0.10.0/0.41.0/
  what: dimensions-of-terrain
  when: 2025-05-03 06:16:15.865627444 Z
- _id: 2
  _time: 2025-05-03 06:16:23.020416234 Z
  _version: 0.10.0/0.41.0/
  since: 2025-04-05 06:16:23.020604214 Z
  what: quantity-of-deliverables
  when: 2025-05-03 06:16:23.020569730 Z
- _id: 3
  _time: 2025-05-03 06:16:23.023603719 Z
  _version: 0.10.0/0.41.0/
  since: 2025-04-05 06:16:23.023737117 Z
  what: quality-of-service
  when: 2025-05-03 06:16:23.023704557 Z
