---
- added: 8
  cycles: 1
  deleted: 8
  inserted: 8
  seconds: 12.310462764
  version: 0.41.0
  what: judges-summary
  when: 2025-05-14 17:11:43.131880866 Z
- _id: 1
  _time: 2025-05-14 17:11:42.749323724 Z
  _version: 0.10.0/0.41.0/
  since: 2025-04-16 17:11:42.749518697 Z
  what: quality-of-service
  when: 2025-05-14 17:11:42.749479094 Z
- _id: 2
  _time: 2025-05-14 17:11:42.754866561 Z
  _version: 0.10.0/0.41.0/
  since: 2025-04-16 17:11:42.755012633 Z
  what: quantity-of-deliverables
  when: 2025-05-14 17:11:42.754980473 Z
- _id: 3
  _time: 2025-05-14 17:11:42.758987094 Z
  _version: 0.10.0/0.41.0/
  what: dimensions-of-terrain
  when: 2025-05-14 17:11:42.759111146 Z
