---
- added: 8
  cycles: 1
  deleted: 8
  inserted: 8
  seconds: 6.854226017
  version: 0.41.0
  what: judges-summary
  when: 2025-05-13 06:18:44.661903436 Z
- _id: 1
  _time: 2025-05-13 06:18:44.648990268 Z
  _version: 0.10.0/0.41.0/
  what: dimensions-of-terrain
  when: 2025-05-13 06:18:44.649140950 Z
- _id: 2
  _time: 2025-05-13 06:18:44.658669729 Z
  _version: 0.10.0/0.41.0/
  since: 2025-04-15 06:18:44.658807857 Z
  what: quantity-of-deliverables
  when: 2025-05-13 06:18:44.658774655 Z
- _id: 3
  _time: 2025-05-13 06:18:44.660078363 Z
  _version: 0.10.0/0.41.0/
  since: 2025-04-15 06:18:44.660210891 Z
  what: quality-of-service
  when: 2025-05-13 06:18:44.660179001 Z
