---
- added: 8
  cycles: 1
  deleted: 8
  inserted: 8
  seconds: 13.876593434
  version: 0.41.0
  what: judges-summary
  when: 2025-05-01 11:11:14.981542468 Z
- _id: 1
  _time: 2025-05-01 11:11:14.638520447 Z
  _version: 0.10.0/0.41.0/
  since: 2025-04-03 11:11:01.431757878 Z
  total_releases_published: 9
  what: quantity-of-deliverables
  when: 2025-05-01 11:11:01.431719075 Z
- _id: 2
  _time: 2025-05-01 11:11:14.978264538 Z
  _version: 0.10.0/0.41.0/
  since: 2025-04-03 11:11:14.978426530 Z
  what: quality-of-service
  when: 2025-05-01 11:11:14.978392947 Z
- _id: 3
  _time: 2025-05-01 11:11:14.979700606 Z
  _version: 0.10.0/0.41.0/
  what: dimensions-of-terrain
  when: 2025-05-01 11:11:14.979801003 Z
