---
- added: 8
  cycles: 1
  deleted: 8
  inserted: 8
  seconds: 9.464703525
  version: 0.41.0
  what: judges-summary
  when: 2025-05-03 08:14:44.028299438 Z
- _id: 1
  _time: 2025-05-03 08:14:43.684543538 Z
  _version: 0.10.0/0.41.0/
  since: 2025-04-05 08:14:43.684724614 Z
  what: quality-of-service
  when: 2025-05-03 08:14:43.684687175 Z
- _id: 2
  _time: 2025-05-03 08:14:43.685813996 Z
  _version: 0.10.0/0.41.0/
  what: dimensions-of-terrain
  when: 2025-05-03 08:14:43.685916176 Z
- _id: 3
  _time: 2025-05-03 08:14:44.022588771 Z
  _version: 0.10.0/0.41.0/
  since: 2025-04-05 08:14:44.022753236 Z
  what: quantity-of-deliverables
  when: 2025-05-03 08:14:44.022718432 Z
