---
- added: 8
  cycles: 1
  deleted: 8
  inserted: 8
  seconds: 9.368837172
  version: 0.41.0
  what: judges-summary
  when: 2025-05-04 07:11:46.600071096 Z
- _id: 1
  _time: 2025-05-04 07:11:46.260082939 Z
  _version: 0.10.0/0.41.0/
  what: dimensions-of-terrain
  when: 2025-05-04 07:11:46.260263636 Z
- _id: 2
  _time: 2025-05-04 07:11:46.265095541 Z
  _version: 0.10.0/0.41.0/
  since: 2025-04-06 07:11:46.265253756 Z
  what: quality-of-service
  when: 2025-05-04 07:11:46.265216647 Z
- _id: 3
  _time: 2025-05-04 07:11:46.597609165 Z
  _version: 0.10.0/0.41.0/
  since: 2025-04-06 07:11:46.597764595 Z
  what: quantity-of-deliverables
  when: 2025-05-04 07:11:46.597730191 Z
