---
- added: 8
  cycles: 1
  deleted: 8
  inserted: 8
  seconds: 29.011465724
  version: 0.41.0
  what: judges-summary
  when: 2025-05-20 03:39:35.153841289 Z
- _id: 1
  _time: 2025-05-20 03:39:34.748124488 Z
  _version: 0.10.0/0.41.0/
  total_files: 4809
  what: dimensions-of-terrain
  when: 2025-05-20 03:39:06.490593113 Z
- _id: 2
  _time: 2025-05-20 03:39:34.750908577 Z
  _version: 0.10.0/0.41.0/
  since: 2025-04-22 03:39:34.751043170 Z
  what: quality-of-service
  when: 2025-05-20 03:39:34.751010017 Z
- _id: 3
  _time: 2025-05-20 03:39:34.763953163 Z
  _version: 0.10.0/0.41.0/
  since: 2025-04-22 03:39:34.764087236 Z
  what: quantity-of-deliverables
  when: 2025-05-20 03:39:34.764055155 Z
