---
- added: 8
  cycles: 1
  deleted: 8
  inserted: 8
  seconds: 6.58781038
  version: 0.41.0
  what: judges-summary
  when: 2025-05-02 23:11:56.645963054 Z
- _id: 1
  _time: 2025-05-02 23:11:56.635827106 Z
  _version: 0.10.0/0.41.0/
  since: 2025-04-04 23:11:56.636008764 Z
  what: quality-of-service
  when: 2025-05-02 23:11:56.635972116 Z
- _id: 2
  _time: 2025-05-02 23:11:56.640257312 Z
  _version: 0.10.0/0.41.0/
  since: 2025-04-04 23:11:56.640396060 Z
  what: quantity-of-deliverables
  when: 2025-05-02 23:11:56.640363409 Z
- _id: 3
  _time: 2025-05-02 23:11:56.643693306 Z
  _version: 0.10.0/0.41.0/
  what: dimensions-of-terrain
  when: 2025-05-02 23:11:56.643834870 Z
