---
- added: 8
  cycles: 1
  deleted: 8
  error: 'key not found: "data"'
  inserted: 8
  seconds: 6.945766958
  version: 0.41.0
  what: judges-summary
  when: 2025-05-14 02:41:28.365455759 Z
- _id: 1
  _time: 2025-05-14 02:41:21.739110327 Z
  _version: 0.10.0/0.41.0/
  what: dimensions-of-terrain
  when: 2025-05-14 02:41:21.739251401 Z
- _id: 2
  _time: 2025-05-14 02:41:28.350377571 Z
  _version: 0.10.0/0.41.0/
  since: 2025-04-16 02:41:28.350606750 Z
  what: quantity-of-deliverables
  when: 2025-05-14 02:41:28.350554402 Z
- _id: 3
  _time: 2025-05-14 02:41:28.352931517 Z
  _version: 0.10.0/0.41.0/
  since: 2025-04-16 02:41:28.353162500 Z
  what: quality-of-service
  when: 2025-05-14 02:41:28.353109350 Z
