---
- added: 8
  cycles: 1
  deleted: 8
  inserted: 8
  seconds: 79.65882617
  version: 0.41.0
  what: judges-summary
  when: 2025-05-04 20:14:26.138297561 Z
- _id: 1
  _time: 2025-05-04 20:14:25.723443235 Z
  _version: 0.10.0/0.41.0/
  total_active_contributors: 12
  what: dimensions-of-terrain
  when: 2025-05-04 20:13:06.806154364 Z
- _id: 2
  _time: 2025-05-04 20:14:25.730115681 Z
  _version: 0.10.0/0.41.0/
  since: 2025-04-06 20:14:25.730252127 Z
  what: quality-of-service
  when: 2025-05-04 20:14:25.730219746 Z
- _id: 3
  _time: 2025-05-04 20:14:26.132315990 Z
  _version: 0.10.0/0.41.0/
  since: 2025-04-06 20:14:26.132898854 Z
  what: quantity-of-deliverables
  when: 2025-05-04 20:14:26.132859200 Z
