---
- added: 8
  cycles: 1
  deleted: 8
  error: 'Judge quantity-of-deliverables stopped by timeout after 3m0s: execution
    expired'
  inserted: 8
  seconds: 180.416879338
  version: 0.41.0
  what: judges-summary
  when: 2025-05-06 06:21:10.780944194 Z
- _id: 1
  _time: 2025-05-06 06:18:10.683714187 Z
  _version: 0.10.0/0.41.0/
  since: 2025-04-08 06:18:10.683961361 Z
  what: quantity-of-deliverables
  when: 2025-05-06 06:18:10.683920465 Z
- _id: 2
  _time: 2025-05-06 06:21:10.775592086 Z
  _version: 0.10.0/0.41.0/
  what: dimensions-of-terrain
  when: 2025-05-06 06:21:10.775761975 Z
- _id: 3
  _time: 2025-05-06 06:21:10.777787805 Z
  _version: 0.10.0/0.41.0/
  since: 2025-04-08 06:21:10.777925814 Z
  what: quality-of-service
  when: 2025-05-06 06:21:10.777892281 Z
