---
- added: 8
  cycles: 1
  deleted: 8
  inserted: 8
  seconds: 22.316804895
  version: 0.41.0
  what: judges-summary
  when: 2025-05-13 17:12:18.008405503 Z
- _id: 1
  _time: 2025-05-13 17:12:17.645166302 Z
  _version: 0.10.0/0.41.0/
  average_release_commits_size: 76.75
  average_release_hoc_size: 3179.0
  since: 2025-04-15 17:11:56.020681385 Z
  what: quality-of-service
  when: 2025-05-13 17:11:56.020642492 Z
- _id: 2
  _time: 2025-05-13 17:12:17.653911418 Z
  _version: 0.10.0/0.41.0/
  what: dimensions-of-terrain
  when: 2025-05-13 17:12:17.654012846 Z
- _id: 3
  _time: 2025-05-13 17:12:18.007291398 Z
  _version: 0.10.0/0.41.0/
  since: 2025-04-15 17:12:18.007462537 Z
  what: quantity-of-deliverables
  when: 2025-05-13 17:12:18.007426630 Z
