---
- added: 8
  cycles: 1
  deleted: 8
  error: 'Judge quality-of-service stopped by timeout after 3m0s: execution expired'
  inserted: 8
  seconds: 180.723600275
  version: 0.41.0
  what: judges-summary
  when: 2025-05-12 17:14:19.574392602 Z
- _id: 1
  _time: 2025-05-12 17:11:19.202435378 Z
  _version: 0.10.0/0.41.0/
  since: 2025-04-14 17:11:19.202620514 Z
  what: quality-of-service
  when: 2025-05-12 17:11:19.202576642 Z
- _id: 2
  _time: 2025-05-12 17:14:19.572013599 Z
  _version: 0.10.0/0.41.0/
  since: 2025-04-14 17:14:19.572180784 Z
  what: quantity-of-deliverables
  when: 2025-05-12 17:14:19.572145037 Z
- _id: 3
  _time: 2025-05-12 17:14:19.573326477 Z
  _version: 0.10.0/0.41.0/
  what: dimensions-of-terrain
  when: 2025-05-12 17:14:19.573435062 Z
