---
- added: 8
  cycles: 1
  deleted: 8
  inserted: 8
  seconds: 14.438510687
  version: 0.41.0
  what: judges-summary
  when: 2025-05-13 07:13:56.680633808 Z
- _id: 1
  _time: 2025-05-13 07:13:56.304258440 Z
  _version: 0.10.0/0.41.0/
  since: 2025-04-15 07:13:42.576238568 Z
  total_releases_published: 9
  what: quantity-of-deliverables
  when: 2025-05-13 07:13:42.576199004 Z
- _id: 2
  _time: 2025-05-13 07:13:56.316079699 Z
  _version: 0.10.0/0.41.0/
  what: dimensions-of-terrain
  when: 2025-05-13 07:13:56.316277308 Z
- _id: 3
  _time: 2025-05-13 07:13:56.679550411 Z
  _version: 0.10.0/0.41.0/
  since: 2025-04-15 07:13:56.679716442 Z
  what: quality-of-service
  when: 2025-05-13 07:13:56.679680915 Z
