---
- added: 8
  cycles: 1
  deleted: 8
  error: 'Judge quantity-of-deliverables stopped by timeout after 3m0s: execution
    expired'
  inserted: 8
  seconds: 180.679347091
  version: 0.41.0
  what: judges-summary
  when: 2025-05-18 06:20:10.903947227 Z
- _id: 1
  _time: 2025-05-18 06:17:10.559222286 Z
  _version: 0.10.0/0.41.0/
  since: 2025-04-20 06:17:10.559483372 Z
  what: quantity-of-deliverables
  when: 2025-05-18 06:17:10.559442426 Z
- _id: 2
  _time: 2025-05-18 06:20:10.899794348 Z
  _version: 0.10.0/0.41.0/
  since: 2025-04-20 06:20:10.899963533 Z
  what: quality-of-service
  when: 2025-05-18 06:20:10.899928388 Z
- _id: 3
  _time: 2025-05-18 06:20:10.902140851 Z
  _version: 0.10.0/0.41.0/
  what: dimensions-of-terrain
  when: 2025-05-18 06:20:10.902244043 Z
