---
- added: 8
  cycles: 1
  deleted: 8
  inserted: 8
  seconds: 15.131101337
  version: 0.41.0
  what: judges-summary
  when: 2025-05-13 02:43:42.521499746 Z
- _id: 1
  _time: 2025-05-13 02:43:42.111767685 Z
  _version: 0.10.0/0.41.0/
  average_release_commits_size: 76.75
  average_release_hoc_size: 3179.0
  since: 2025-04-15 02:43:27.713290895 Z
  what: quality-of-service
  when: 2025-05-13 02:43:27.713245109 Z
- _id: 2
  _time: 2025-05-13 02:43:42.517242705 Z
  _version: 0.10.0/0.41.0/
  since: 2025-04-15 02:43:42.517519634 Z
  what: quantity-of-deliverables
  when: 2025-05-13 02:43:42.517456496 Z
- _id: 3
  _time: 2025-05-13 02:43:42.518995461 Z
  _version: 0.10.0/0.41.0/
  what: dimensions-of-terrain
  when: 2025-05-13 02:43:42.519203621 Z
