---
- added: 8
  cycles: 1
  deleted: 8
  inserted: 8
  seconds: 10.408404436
  version: 0.41.0
  what: judges-summary
  when: 2025-05-10 04:14:33.478685496 Z
- _id: 1
  _time: 2025-05-10 04:14:33.113774787 Z
  _version: 0.10.0/0.41.0/
  total_files: 4743
  total_forks: 318
  total_stars: 1573
  what: dimensions-of-terrain
  when: 2025-05-10 04:14:23.403245659 Z
- _id: 2
  _time: 2025-05-10 04:14:33.124022751 Z
  _version: 0.10.0/0.41.0/
  since: 2025-04-12 04:14:33.124168303 Z
  what: quality-of-service
  when: 2025-05-10 04:14:33.124134730 Z
- _id: 3
  _time: 2025-05-10 04:14:33.130711179 Z
  _version: 0.10.0/0.41.0/
  since: 2025-04-12 04:14:33.130855267 Z
  what: quantity-of-deliverables
  when: 2025-05-10 04:14:33.130821985 Z
