---
- added: 8
  cycles: 1
  deleted: 8
  error: 'Judge quantity-of-deliverables stopped by timeout after 3m0s: execution
    expired'
  inserted: 8
  seconds: 180.342290005
  version: 0.41.0
  what: judges-summary
  when: 2025-05-15 16:18:48.389785128 Z
- _id: 1
  _time: 2025-05-15 16:15:48.378043188 Z
  _version: 0.10.0/0.41.0/
  since: 2025-04-17 16:15:48.378300367 Z
  what: quantity-of-deliverables
  when: 2025-05-15 16:15:48.378259370 Z
- _id: 2
  _time: 2025-05-15 16:18:48.056136518 Z
  _version: 0.10.0/0.41.0/
  since: 2025-04-17 16:18:48.056305473 Z
  what: quality-of-service
  when: 2025-05-15 16:18:48.056272251 Z
- _id: 3
  _time: 2025-05-15 16:18:48.059451011 Z
  _version: 0.10.0/0.41.0/
  what: dimensions-of-terrain
  when: 2025-05-15 16:18:48.059563030 Z
