---
- added: 8
  cycles: 1
  deleted: 8
  inserted: 8
  seconds: 34.980160633
  version: 0.41.0
  what: judges-summary
  when: 2025-05-19 20:14:49.894060401 Z
- _id: 1
  _time: 2025-05-19 20:14:49.514759471 Z
  _version: 0.10.0/0.41.0/
  average_release_commits_size: 112.33333333333333
  average_release_hoc_size: 1963.0
  since: 2025-04-21 20:14:15.236476106 Z
  what: quality-of-service
  when: 2025-05-19 20:14:15.236437424 Z
- _id: 2
  _time: 2025-05-19 20:14:49.521574675 Z
  _version: 0.10.0/0.41.0/
  what: dimensions-of-terrain
  when: 2025-05-19 20:14:49.521674822 Z
- _id: 3
  _time: 2025-05-19 20:14:49.525652941 Z
  _version: 0.10.0/0.41.0/
  since: 2025-04-21 20:14:49.525789536 Z
  what: quantity-of-deliverables
  when: 2025-05-19 20:14:49.525757957 Z
