---
- added: 8
  cycles: 1
  deleted: 8
  inserted: 8
  seconds: 7.469433566
  version: 0.41.0
  what: judges-summary
  when: 2025-04-30 08:17:06.709650703 Z
- _id: 1
  _time: 2025-04-30 08:17:06.378291286 Z
  _version: 0.10.0/0.41.0/
  what: dimensions-of-terrain
  when: 2025-04-30 08:17:06.378438322 Z
- _id: 2
  _time: 2025-04-30 08:17:06.706942047 Z
  _version: 0.10.0/0.41.0/
  since: 2025-04-02 08:17:06.707126773 Z
  what: quality-of-service
  when: 2025-04-30 08:17:06.707090746 Z
- _id: 3
  _time: 2025-04-30 08:17:06.708646374 Z
  _version: 0.10.0/0.41.0/
  since: 2025-04-02 08:17:06.708778623 Z
  what: quantity-of-deliverables
  when: 2025-04-30 08:17:06.708746392 Z
