---
- added: 8
  cycles: 1
  deleted: 8
  inserted: 8
  seconds: 12.347517433
  version: 0.41.0
  what: judges-summary
  when: 2025-05-23 23:12:36.008069273 Z
- _id: 1
  _time: 2025-05-23 23:12:35.998077226 Z
  _version: 0.10.0/0.41.0/
  since: 2025-04-25 23:12:35.998258103 Z
  what: quantity-of-deliverables
  when: 2025-05-23 23:12:35.998220733 Z
- _id: 2
  _time: 2025-05-23 23:12:36.001109175 Z
  _version: 0.10.0/0.41.0/
  what: dimensions-of-terrain
  when: 2025-05-23 23:12:36.001211706 Z
- _id: 3
  _time: 2025-05-23 23:12:36.007172920 Z
  _version: 0.10.0/0.41.0/
  since: 2025-04-25 23:12:36.007307080 Z
  what: quality-of-service
  when: 2025-05-23 23:12:36.007274900 Z
