---
- added: 8
  cycles: 1
  deleted: 8
  inserted: 8
  seconds: 7.060427102
  version: 0.41.0
  what: judges-summary
  when: 2025-05-14 23:10:57.226713820 Z
- _id: 1
  _time: 2025-05-14 23:10:56.884467690 Z
  _version: 0.10.0/0.41.0/
  since: 2025-04-16 23:10:56.884652175 Z
  what: quantity-of-deliverables
  when: 2025-05-14 23:10:56.884614585 Z
- _id: 2
  _time: 2025-05-14 23:10:56.885808699 Z
  _version: 0.10.0/0.41.0/
  what: dimensions-of-terrain
  when: 2025-05-14 23:10:56.885911601 Z
- _id: 3
  _time: 2025-05-14 23:10:57.223997150 Z
  _version: 0.10.0/0.41.0/
  since: 2025-04-16 23:10:57.224309724 Z
  what: quality-of-service
  when: 2025-05-14 23:10:57.224272625 Z
