---
- added: 8
  cycles: 1
  deleted: 8
  error: 'Judge quality-of-service stopped by timeout after 3m0s: execution expired'
  inserted: 8
  seconds: 180.368551218
  version: 0.41.0
  what: judges-summary
  when: 2025-05-02 01:01:45.732095104 Z
- _id: 1
  _time: 2025-05-02 00:58:45.691172982 Z
  _version: 0.10.0/0.41.0/
  since: 2025-04-04 00:58:45.691420544 Z
  what: quality-of-service
  when: 2025-05-02 00:58:45.691380960 Z
- _id: 2
  _time: 2025-05-02 01:01:45.367073944 Z
  _version: 0.10.0/0.41.0/
  since: 2025-04-04 01:01:45.367236868 Z
  what: quantity-of-deliverables
  when: 2025-05-02 01:01:45.367203777 Z
- _id: 3
  _time: 2025-05-02 01:01:45.379450242 Z
  _version: 0.10.0/0.41.0/
  what: dimensions-of-terrain
  when: 2025-05-02 01:01:45.379560368 Z
