---
- added: 8
  cycles: 1
  deleted: 8
  inserted: 8
  seconds: 111.503558047
  version: 0.41.0
  what: judges-summary
  when: 2025-04-30 01:00:17.601010925 Z
- _id: 1
  _time: 2025-04-30 01:00:17.187030603 Z
  _version: 0.10.0/0.41.0/
  since: 2025-04-02 00:58:26.428857805 Z
  total_builds_ran: 10979
  what: quantity-of-deliverables
  when: 2025-04-30 00:58:26.428816427 Z
- _id: 2
  _time: 2025-04-30 01:00:17.198978242 Z
  _version: 0.10.0/0.41.0/
  since: 2025-04-02 01:00:17.199128052 Z
  what: quality-of-service
  when: 2025-04-30 01:00:17.199092506 Z
- _id: 3
  _time: 2025-04-30 01:00:17.599158626 Z
  _version: 0.10.0/0.41.0/
  what: dimensions-of-terrain
  when: 2025-04-30 01:00:17.599299750 Z
