---
- added: 8
  cycles: 1
  deleted: 8
  inserted: 8
  seconds: 12.752812766
  version: 0.41.0
  what: judges-summary
  when: 2025-05-12 14:13:57.914562731 Z
- _id: 1
  _time: 2025-05-12 14:13:57.561506856 Z
  _version: 0.10.0/0.41.0/
  total_contributors: 88
  total_forks: 320
  total_stars: 1579
  what: dimensions-of-terrain
  when: 2025-05-12 14:13:45.485891126 Z
- _id: 2
  _time: 2025-05-12 14:13:57.912011214 Z
  _version: 0.10.0/0.41.0/
  since: 2025-04-14 14:13:57.912174730 Z
  what: quantity-of-deliverables
  when: 2025-05-12 14:13:57.912136379 Z
- _id: 3
  _time: 2025-05-12 14:13:57.913557980 Z
  _version: 0.10.0/0.41.0/
  since: 2025-04-14 14:13:57.913690919 Z
  what: quality-of-service
  when: 2025-05-12 14:13:57.913657646 Z
