---
- added: 8
  cycles: 1
  deleted: 8
  inserted: 8
  seconds: 16.574017602
  version: 0.41.0
  what: judges-summary
  when: 2025-05-21 08:17:54.641292293 Z
- _id: 1
  _time: 2025-05-21 08:17:54.295921713 Z
  _version: 0.10.0/0.41.0/
  total_contributors: 89
  what: dimensions-of-terrain
  when: 2025-05-21 08:17:38.386511742 Z
- _id: 2
  _time: 2025-05-21 08:17:54.302280983 Z
  _version: 0.10.0/0.41.0/
  since: 2025-04-23 08:17:54.302418561 Z
  what: quantity-of-deliverables
  when: 2025-05-21 08:17:54.302386070 Z
- _id: 3
  _time: 2025-05-21 08:17:54.306280987 Z
  _version: 0.10.0/0.41.0/
  since: 2025-04-23 08:17:54.306506790 Z
  what: quality-of-service
  when: 2025-05-21 08:17:54.306451176 Z
