---
- added: 8
  cycles: 1
  deleted: 8
  inserted: 8
  seconds: 34.22688311
  version: 0.41.0
  what: judges-summary
  when: 2025-05-23 01:00:27.660890427 Z
- _id: 1
  _time: 2025-05-23 01:00:27.301702153 Z
  _version: 0.10.0/0.41.0/
  total_files: 4819
  what: dimensions-of-terrain
  when: 2025-05-23 00:59:53.759528844 Z
- _id: 2
  _time: 2025-05-23 01:00:27.304546795 Z
  _version: 0.10.0/0.41.0/
  since: 2025-04-25 01:00:27.304680193 Z
  what: quality-of-service
  when: 2025-05-23 01:00:27.304647272 Z
- _id: 3
  _time: 2025-05-23 01:00:27.305969569 Z
  _version: 0.10.0/0.41.0/
  since: 2025-04-25 01:00:27.306101074 Z
  what: quantity-of-deliverables
  when: 2025-05-23 01:00:27.306067732 Z
