---
- added: 8
  cycles: 1
  deleted: 8
  inserted: 8
  seconds: 10.30130108
  version: 0.41.0
  what: judges-summary
  when: 2025-05-08 12:23:50.140733396 Z
- _id: 1
  _time: 2025-05-08 12:23:50.131446950 Z
  _version: 0.10.0/0.41.0/
  since: 2025-04-10 12:23:50.131624450 Z
  what: quantity-of-deliverables
  when: 2025-05-08 12:23:50.131587421 Z
- _id: 2
  _time: 2025-05-08 12:23:50.133033098 Z
  _version: 0.10.0/0.41.0/
  what: dimensions-of-terrain
  when: 2025-05-08 12:23:50.133139526 Z
- _id: 3
  _time: 2025-05-08 12:23:50.134473114 Z
  _version: 0.10.0/0.41.0/
  since: 2025-04-10 12:23:50.134601262 Z
  what: quality-of-service
  when: 2025-05-08 12:23:50.134570545 Z
