---
- added: 8
  cycles: 1
  deleted: 8
  inserted: 8
  seconds: 15.353183365
  version: 0.41.0
  what: judges-summary
  when: 2025-05-15 06:19:10.014135029 Z
- _id: 1
  _time: 2025-05-15 06:19:09.673855119 Z
  _version: 0.10.0/0.41.0/
  since: 2025-04-17 06:19:09.674035005 Z
  what: quantity-of-deliverables
  when: 2025-05-15 06:19:09.673998707 Z
- _id: 2
  _time: 2025-05-15 06:19:10.009281464 Z
  _version: 0.10.0/0.41.0/
  what: dimensions-of-terrain
  when: 2025-05-15 06:19:10.009416226 Z
- _id: 3
  _time: 2025-05-15 06:19:10.013115132 Z
  _version: 0.10.0/0.41.0/
  since: 2025-04-17 06:19:10.013256497 Z
  what: quality-of-service
  when: 2025-05-15 06:19:10.013222353 Z
