---
- added: 8
  cycles: 1
  deleted: 8
  inserted: 8
  seconds: 9.853377186
  version: 0.41.0
  what: judges-summary
  when: 2025-05-13 20:14:36.779721611 Z
- _id: 1
  _time: 2025-05-13 20:14:36.774861406 Z
  _version: 0.10.0/0.41.0/
  since: 2025-04-15 20:14:36.775054696 Z
  what: quality-of-service
  when: 2025-05-13 20:14:36.775015513 Z
- _id: 2
  _time: 2025-05-13 20:14:36.777571154 Z
  _version: 0.10.0/0.41.0/
  since: 2025-04-15 20:14:36.777706827 Z
  what: quantity-of-deliverables
  when: 2025-05-13 20:14:36.777674106 Z
- _id: 3
  _time: 2025-05-13 20:14:36.778752916 Z
  _version: 0.10.0/0.41.0/
  what: dimensions-of-terrain
  when: 2025-05-13 20:14:36.778855377 Z
