---
- added: 8
  cycles: 1
  deleted: 8
  inserted: 8
  seconds: 10.037464578
  version: 0.41.0
  what: judges-summary
  when: 2025-04-29 17:11:58.498655878 Z
- _id: 1
  _time: 2025-04-29 17:11:58.138471586 Z
  _version: 0.10.0/0.41.0/
  since: 2025-04-01 17:11:58.138654988 Z
  what: quantity-of-deliverables
  when: 2025-04-29 17:11:58.138617548 Z
- _id: 2
  _time: 2025-04-29 17:11:58.140304628 Z
  _version: 0.10.0/0.41.0/
  what: dimensions-of-terrain
  when: 2025-04-29 17:11:58.140408721 Z
- _id: 3
  _time: 2025-04-29 17:11:58.492977745 Z
  _version: 0.10.0/0.41.0/
  since: 2025-04-01 17:11:58.493153984 Z
  what: quality-of-service
  when: 2025-04-29 17:11:58.493116634 Z
