---
- added: 8
  cycles: 1
  deleted: 8
  error: 'Judge quality-of-service stopped by timeout after 3m0s: execution expired'
  inserted: 8
  seconds: 180.36035545
  version: 0.41.0
  what: judges-summary
  when: 2025-05-18 08:17:45.619484761 Z
- _id: 1
  _time: 2025-05-18 08:14:45.586194486 Z
  _version: 0.10.0/0.41.0/
  since: 2025-04-20 08:14:45.586438864 Z
  what: quality-of-service
  when: 2025-05-18 08:14:45.586398338 Z
- _id: 2
  _time: 2025-05-18 08:17:45.270059217 Z
  _version: 0.10.0/0.41.0/
  since: 2025-04-20 08:17:45.270207204 Z
  what: quantity-of-deliverables
  when: 2025-05-18 08:17:45.270173491 Z
- _id: 3
  _time: 2025-05-18 08:17:45.274142090 Z
  _version: 0.10.0/0.41.0/
  what: dimensions-of-terrain
  when: 2025-05-18 08:17:45.274241506 Z
