---
- added: 8
  cycles: 1
  deleted: 8
  inserted: 8
  seconds: 7.203792913
  version: 0.41.0
  what: judges-summary
  when: 2025-05-18 16:13:30.708503065 Z
- _id: 1
  _time: 2025-05-18 16:13:30.371884356 Z
  _version: 0.10.0/0.41.0/
  since: 2025-04-20 16:13:30.372063680 Z
  what: quality-of-service
  when: 2025-05-18 16:13:30.372026100 Z
- _id: 2
  _time: 2025-05-18 16:13:30.698279323 Z
  _version: 0.10.0/0.41.0/
  what: dimensions-of-terrain
  when: 2025-05-18 16:13:30.698412722 Z
- _id: 3
  _time: 2025-05-18 16:13:30.705775625 Z
  _version: 0.10.0/0.41.0/
  since: 2025-04-20 16:13:30.705948948 Z
  what: quantity-of-deliverables
  when: 2025-05-18 16:13:30.705915315 Z
