---
- added: 8
  cycles: 1
  deleted: 8
  inserted: 8
  seconds: 10.617017725
  version: 0.41.0
  what: judges-summary
  when: 2025-05-04 12:21:28.573986082 Z
- _id: 1
  _time: 2025-05-04 12:21:28.222306561 Z
  _version: 0.10.0/0.41.0/
  total_contributors: 88
  what: dimensions-of-terrain
  when: 2025-05-04 12:21:18.293306681 Z
- _id: 2
  _time: 2025-05-04 12:21:28.571160959 Z
  _version: 0.10.0/0.41.0/
  since: 2025-04-06 12:21:28.571325727 Z
  what: quality-of-service
  when: 2025-05-04 12:21:28.571290221 Z
- _id: 3
  _time: 2025-05-04 12:21:28.572673216 Z
  _version: 0.10.0/0.41.0/
  since: 2025-04-06 12:21:28.572811224 Z
  what: quantity-of-deliverables
  when: 2025-05-04 12:21:28.572778152 Z
