---
- added: 8
  cycles: 1
  deleted: 8
  inserted: 8
  seconds: 18.70554026
  version: 0.41.0
  what: judges-summary
  when: 2025-05-10 06:16:06.598196547 Z
- _id: 1
  _time: 2025-05-10 06:16:06.245424961 Z
  _version: 0.10.0/0.41.0/
  since: 2025-04-12 06:15:48.234263067 Z
  total_issues_created: 211
  total_pulls_submitted: 99
  what: quantity-of-deliverables
  when: 2025-05-10 06:15:48.234226649 Z
- _id: 2
  _time: 2025-05-10 06:16:06.255589669 Z
  _version: 0.10.0/0.41.0/
  what: dimensions-of-terrain
  when: 2025-05-10 06:16:06.255696959 Z
- _id: 3
  _time: 2025-05-10 06:16:06.258862569 Z
  _version: 0.10.0/0.41.0/
  since: 2025-04-12 06:16:06.258997822 Z
  what: quality-of-service
  when: 2025-05-10 06:16:06.258965953 Z
