---
- added: 8
  cycles: 1
  deleted: 8
  inserted: 8
  seconds: 11.213279453
  version: 0.41.0
  what: judges-summary
  when: 2025-05-05 12:24:00.806537001 Z
- _id: 1
  _time: 2025-05-05 12:24:00.463860478 Z
  _version: 0.10.0/0.41.0/
  total_contributors: 88
  what: dimensions-of-terrain
  when: 2025-05-05 12:23:49.918612227 Z
- _id: 2
  _time: 2025-05-05 12:24:00.467185864 Z
  _version: 0.10.0/0.41.0/
  since: 2025-04-07 12:24:00.467322078 Z
  what: quantity-of-deliverables
  when: 2025-05-05 12:24:00.467288876 Z
- _id: 3
  _time: 2025-05-05 12:24:00.801773565 Z
  _version: 0.10.0/0.41.0/
  since: 2025-04-07 12:24:00.801933653 Z
  what: quality-of-service
  when: 2025-05-05 12:24:00.801899519 Z
