---
- added: 8
  cycles: 1
  deleted: 8
  inserted: 8
  seconds: 10.370346772
  version: 0.41.0
  what: judges-summary
  when: 2025-05-05 20:14:14.191218213 Z
- _id: 1
  _time: 2025-05-05 20:14:14.179545163 Z
  _version: 0.10.0/0.41.0/
  since: 2025-04-07 20:14:14.179817171 Z
  what: quality-of-service
  when: 2025-05-05 20:14:14.179740528 Z
- _id: 2
  _time: 2025-05-05 20:14:14.186174328 Z
  _version: 0.10.0/0.41.0/
  what: dimensions-of-terrain
  when: 2025-05-05 20:14:14.186289753 Z
- _id: 3
  _time: 2025-05-05 20:14:14.190215211 Z
  _version: 0.10.0/0.41.0/
  since: 2025-04-07 20:14:14.190360202 Z
  what: quantity-of-deliverables
  when: 2025-05-05 20:14:14.190326299 Z
