---
- added: 8
  cycles: 1
  deleted: 8
  inserted: 8
  seconds: 10.144235745
  version: 0.41.0
  what: judges-summary
  when: 2025-05-20 11:11:31.490989209 Z
- _id: 1
  _time: 2025-05-20 11:11:31.481653918 Z
  _version: 0.10.0/0.41.0/
  what: dimensions-of-terrain
  when: 2025-05-20 11:11:31.481837711 Z
- _id: 2
  _time: 2025-05-20 11:11:31.488634598 Z
  _version: 0.10.0/0.41.0/
  since: 2025-04-22 11:11:31.488815645 Z
  what: quantity-of-deliverables
  when: 2025-05-20 11:11:31.488776652 Z
- _id: 3
  _time: 2025-05-20 11:11:31.490042293 Z
  _version: 0.10.0/0.41.0/
  since: 2025-04-22 11:11:31.490182514 Z
  what: quality-of-service
  when: 2025-05-20 11:11:31.490147990 Z
