---
- added: 8
  cycles: 1
  deleted: 8
  inserted: 8
  seconds: 14.485865737
  version: 0.41.0
  what: judges-summary
  when: 2025-05-23 22:12:46.508176113 Z
- _id: 1
  _time: 2025-05-23 22:12:46.152098068 Z
  _version: 0.10.0/0.41.0/
  since: 2025-04-25 22:12:32.351084286 Z
  total_issues_created: 234
  total_pulls_submitted: 110
  what: quantity-of-deliverables
  when: 2025-05-23 22:12:32.351047588 Z
- _id: 2
  _time: 2025-05-23 22:12:46.153762521 Z
  _version: 0.10.0/0.41.0/
  what: dimensions-of-terrain
  when: 2025-05-23 22:12:46.153924775 Z
- _id: 3
  _time: 2025-05-23 22:12:46.506569899 Z
  _version: 0.10.0/0.41.0/
  since: 2025-04-25 22:12:46.506731192 Z
  what: quality-of-service
  when: 2025-05-23 22:12:46.506697489 Z
