---
- added: 8
  cycles: 1
  deleted: 8
  inserted: 8
  seconds: 157.876196286
  version: 0.41.0
  what: judges-summary
  when: 2025-05-23 21:13:01.151671583 Z
- _id: 1
  _time: 2025-05-23 21:13:00.717733938 Z
  _version: 0.10.0/0.41.0/
  total_active_contributors: 11
  what: dimensions-of-terrain
  when: 2025-05-23 21:10:23.601655121 Z
- _id: 2
  _time: 2025-05-23 21:13:01.146946265 Z
  _version: 0.10.0/0.41.0/
  since: 2025-04-25 21:13:01.147109189 Z
  what: quality-of-service
  when: 2025-05-23 21:13:01.147074785 Z
- _id: 3
  _time: 2025-05-23 21:13:01.149775160 Z
  _version: 0.10.0/0.41.0/
  since: 2025-04-25 21:13:01.149913698 Z
  what: quantity-of-deliverables
  when: 2025-05-23 21:13:01.149879545 Z
