---
- added: 8
  cycles: 1
  deleted: 8
  error: 'key not found: "data"'
  inserted: 8
  seconds: 13.001683899
  version: 0.41.0
  what: judges-summary
  when: 2025-05-11 05:12:22.047188549 Z
- _id: 1
  _time: 2025-05-11 05:12:09.366045414 Z
  _version: 0.10.0/0.41.0/
  what: dimensions-of-terrain
  when: 2025-05-11 05:12:09.366182821 Z
- _id: 2
  _time: 2025-05-11 05:12:22.037972885 Z
  _version: 0.10.0/0.41.0/
  since: 2025-04-13 05:12:22.038136120 Z
  what: quantity-of-deliverables
  when: 2025-05-11 05:12:22.038102727 Z
- _id: 3
  _time: 2025-05-11 05:12:22.041126867 Z
  _version: 0.10.0/0.41.0/
  since: 2025-04-13 05:12:22.041258873 Z
  what: quality-of-service
  when: 2025-05-11 05:12:22.041227294 Z
