---
- added: 8
  cycles: 1
  deleted: 8
  inserted: 8
  seconds: 12.711481128
  version: 0.41.0
  what: judges-summary
  when: 2025-05-24 08:14:58.424447410 Z
- _id: 1
  _time: 2025-05-24 08:14:58.062691305 Z
  _version: 0.10.0/0.41.0/
  since: 2025-04-26 08:14:46.033327720 Z
  total_releases_published: 4
  what: quantity-of-deliverables
  when: 2025-05-24 08:14:46.033287546 Z
- _id: 2
  _time: 2025-05-24 08:14:58.417003155 Z
  _version: 0.10.0/0.41.0/
  what: dimensions-of-terrain
  when: 2025-05-24 08:14:58.417207093 Z
- _id: 3
  _time: 2025-05-24 08:14:58.420484467 Z
  _version: 0.10.0/0.41.0/
  since: 2025-04-26 08:14:58.420621030 Z
  what: quality-of-service
  when: 2025-05-24 08:14:58.420587498 Z
