---
- added: 8
  cycles: 1
  deleted: 8
  inserted: 8
  seconds: 13.804603826
  version: 0.41.0
  what: judges-summary
  when: 2025-05-22 01:00:15.850350097 Z
- _id: 1
  _time: 2025-05-22 01:00:15.501828292 Z
  _version: 0.10.0/0.41.0/
  since: 2025-04-24 01:00:02.367339970 Z
  total_releases_published: 6
  what: quantity-of-deliverables
  when: 2025-05-22 01:00:02.367301689 Z
- _id: 2
  _time: 2025-05-22 01:00:15.847834347 Z
  _version: 0.10.0/0.41.0/
  since: 2025-04-24 01:00:15.848045950 Z
  what: quality-of-service
  when: 2025-05-22 01:00:15.848008099 Z
- _id: 3
  _time: 2025-05-22 01:00:15.849128969 Z
  _version: 0.10.0/0.41.0/
  what: dimensions-of-terrain
  when: 2025-05-22 01:00:15.849230747 Z
