---
- added: 8
  cycles: 1
  deleted: 8
  inserted: 8
  seconds: 17.16317852
  version: 0.41.0
  what: judges-summary
  when: 2025-05-15 22:12:24.997716524 Z
- _id: 1
  _time: 2025-05-15 22:12:24.992042561 Z
  _version: 0.10.0/0.41.0/
  since: 2025-04-17 22:12:24.992223879 Z
  what: quantity-of-deliverables
  when: 2025-05-15 22:12:24.992186209 Z
- _id: 2
  _time: 2025-05-15 22:12:24.995338317 Z
  _version: 0.10.0/0.41.0/
  what: dimensions-of-terrain
  when: 2025-05-15 22:12:24.995445157 Z
- _id: 3
  _time: 2025-05-15 22:12:24.996717888 Z
  _version: 0.10.0/0.41.0/
  since: 2025-04-17 22:12:24.996890180 Z
  what: quality-of-service
  when: 2025-05-15 22:12:24.996850226 Z
