---
- added: 8
  cycles: 1
  deleted: 8
  inserted: 8
  seconds: 9.99952002
  version: 0.41.0
  what: judges-summary
  when: 2025-05-12 11:11:16.165991797 Z
- _id: 1
  _time: 2025-05-12 11:11:16.153726047 Z
  _version: 0.10.0/0.41.0/
  since: 2025-04-14 11:11:16.153908800 Z
  what: quality-of-service
  when: 2025-05-12 11:11:16.153871430 Z
- _id: 2
  _time: 2025-05-12 11:11:16.155011039 Z
  _version: 0.10.0/0.41.0/
  what: dimensions-of-terrain
  when: 2025-05-12 11:11:16.155139951 Z
- _id: 3
  _time: 2025-05-12 11:11:16.162628395 Z
  _version: 0.10.0/0.41.0/
  since: 2025-04-14 11:11:16.162763749 Z
  what: quantity-of-deliverables
  when: 2025-05-12 11:11:16.162732660 Z
