---
- added: 8
  cycles: 1
  deleted: 8
  inserted: 8
  seconds: 9.515240524
  version: 0.41.0
  what: judges-summary
  when: 2025-04-30 11:10:54.994830181 Z
- _id: 1
  _time: 2025-04-30 11:10:54.989649154 Z
  _version: 0.10.0/0.41.0/
  since: 2025-04-02 11:10:54.989837384 Z
  what: quantity-of-deliverables
  when: 2025-04-30 11:10:54.989799033 Z
- _id: 2
  _time: 2025-04-30 11:10:54.991198126 Z
  _version: 0.10.0/0.41.0/
  since: 2025-04-02 11:10:54.991333507 Z
  what: quality-of-service
  when: 2025-04-30 11:10:54.991301027 Z
- _id: 3
  _time: 2025-04-30 11:10:54.993840781 Z
  _version: 0.10.0/0.41.0/
  what: dimensions-of-terrain
  when: 2025-04-30 11:10:54.993944253 Z
