---
- added: 8
  cycles: 1
  deleted: 8
  inserted: 8
  seconds: 7.545774955
  version: 0.41.0
  what: judges-summary
  when: 2025-05-08 22:12:07.038966466 Z
- _id: 1
  _time: 2025-05-08 22:12:06.680065614 Z
  _version: 0.10.0/0.41.0/
  total_forks: 318
  total_stars: 1573
  what: dimensions-of-terrain
  when: 2025-05-08 22:11:59.830192541 Z
- _id: 2
  _time: 2025-05-08 22:12:06.691838506 Z
  _version: 0.10.0/0.41.0/
  since: 2025-04-10 22:12:06.691989418 Z
  what: quantity-of-deliverables
  when: 2025-05-08 22:12:06.691955314 Z
- _id: 3
  _time: 2025-05-08 22:12:07.036144918 Z
  _version: 0.10.0/0.41.0/
  since: 2025-04-10 22:12:07.036579331 Z
  what: quality-of-service
  when: 2025-05-08 22:12:07.036519058 Z
