---
- added: 8
  cycles: 1
  deleted: 8
  inserted: 8
  seconds: 7.654323635
  version: 0.41.0
  what: judges-summary
  when: 2025-05-08 03:38:15.905779762 Z
- _id: 1
  _time: 2025-05-08 03:38:15.561103709 Z
  _version: 0.10.0/0.41.0/
  since: 2025-04-10 03:38:15.561298852 Z
  what: quality-of-service
  when: 2025-05-08 03:38:15.561250793 Z
- _id: 2
  _time: 2025-05-08 03:38:15.564740799 Z
  _version: 0.10.0/0.41.0/
  what: dimensions-of-terrain
  when: 2025-05-08 03:38:15.564845875 Z
- _id: 3
  _time: 2025-05-08 03:38:15.570068543 Z
  _version: 0.10.0/0.41.0/
  since: 2025-04-10 03:38:15.570202692 Z
  what: quantity-of-deliverables
  when: 2025-05-08 03:38:15.570171184 Z
