---
- added: 8
  cycles: 1
  deleted: 8
  error: 'key not found: "data"'
  inserted: 8
  seconds: 7.762111511
  version: 0.41.0
  what: judges-summary
  when: 2025-05-09 10:13:38.648062219 Z
- _id: 1
  _time: 2025-05-09 10:13:31.220193862 Z
  _version: 0.10.0/0.41.0/
  what: dimensions-of-terrain
  when: 2025-05-09 10:13:31.220344864 Z
- _id: 2
  _time: 2025-05-09 10:13:38.635325389 Z
  _version: 0.10.0/0.41.0/
  since: 2025-04-11 10:13:38.635494675 Z
  what: quality-of-service
  when: 2025-05-09 10:13:38.635458828 Z
- _id: 3
  _time: 2025-05-09 10:13:38.638997093 Z
  _version: 0.10.0/0.41.0/
  since: 2025-04-11 10:13:38.639139929 Z
  what: quantity-of-deliverables
  when: 2025-05-09 10:13:38.639106106 Z
