---
- added: 8
  cycles: 1
  deleted: 8
  inserted: 8
  seconds: 9.786874915
  version: 0.41.0
  what: judges-summary
  when: 2025-05-21 06:19:03.331601193 Z
- _id: 1
  _time: 2025-05-21 06:19:03.323269669 Z
  _version: 0.10.0/0.41.0/
  since: 2025-04-23 06:19:03.323642784 Z
  what: quality-of-service
  when: 2025-05-21 06:19:03.323427243 Z
- _id: 2
  _time: 2025-05-21 06:19:03.325106219 Z
  _version: 0.10.0/0.41.0/
  since: 2025-04-23 06:19:03.325250869 Z
  what: quantity-of-deliverables
  when: 2025-05-21 06:19:03.325215853 Z
- _id: 3
  _time: 2025-05-21 06:19:03.328332847 Z
  _version: 0.10.0/0.41.0/
  what: dimensions-of-terrain
  when: 2025-05-21 06:19:03.328441760 Z
