---
- added: 8
  cycles: 1
  deleted: 8
  error: 'Judge quantity-of-deliverables stopped by timeout after 3m0s: execution
    expired'
  inserted: 8
  seconds: 180.342477982
  version: 0.41.0
  what: judges-summary
  when: 2025-05-21 07:15:55.548268646 Z
- _id: 1
  _time: 2025-05-21 07:12:55.522278270 Z
  _version: 0.10.0/0.41.0/
  since: 2025-04-23 07:12:55.522539646 Z
  what: quantity-of-deliverables
  when: 2025-05-21 07:12:55.522502387 Z
- _id: 2
  _time: 2025-05-21 07:15:55.210121220 Z
  _version: 0.10.0/0.41.0/
  what: dimensions-of-terrain
  when: 2025-05-21 07:15:55.210250942 Z
- _id: 3
  _time: 2025-05-21 07:15:55.224003919 Z
  _version: 0.10.0/0.41.0/
  since: 2025-04-23 07:15:55.224141806 Z
  what: quality-of-service
  when: 2025-05-21 07:15:55.224109646 Z
