---
- added: 8
  cycles: 1
  deleted: 8
  inserted: 8
  seconds: 12.874066087
  version: 0.41.0
  what: judges-summary
  when: 2025-05-06 19:09:54.234255749 Z
- _id: 1
  _time: 2025-05-06 19:09:53.835854573 Z
  _version: 0.10.0/0.41.0/
  total_files: 4722
  what: dimensions-of-terrain
  when: 2025-05-06 19:09:41.708783816 Z
- _id: 2
  _time: 2025-05-06 19:09:53.838830572 Z
  _version: 0.10.0/0.41.0/
  since: 2025-04-08 19:09:53.839046127 Z
  what: quantity-of-deliverables
  when: 2025-05-06 19:09:53.838985513 Z
- _id: 3
  _time: 2025-05-06 19:09:53.846815829 Z
  _version: 0.10.0/0.41.0/
  since: 2025-04-08 19:09:53.846963336 Z
  what: quality-of-service
  when: 2025-05-06 19:09:53.846926747 Z
