---
- added: 8
  cycles: 1
  deleted: 8
  inserted: 8
  seconds: 7.253157303
  version: 0.41.0
  what: judges-summary
  when: 2025-05-14 08:17:19.466475989 Z
- _id: 1
  _time: 2025-05-14 08:17:19.452810132 Z
  _version: 0.10.0/0.41.0/
  since: 2025-04-16 08:17:19.452995330 Z
  what: quantity-of-deliverables
  when: 2025-05-14 08:17:19.452957829 Z
- _id: 2
  _time: 2025-05-14 08:17:19.455252970 Z
  _version: 0.10.0/0.41.0/
  what: dimensions-of-terrain
  when: 2025-05-14 08:17:19.455357656 Z
- _id: 3
  _time: 2025-05-14 08:17:19.464457782 Z
  _version: 0.10.0/0.41.0/
  since: 2025-04-16 08:17:19.464599608 Z
  what: quality-of-service
  when: 2025-05-14 08:17:19.464565454 Z
